# Deuterium in precipitation (permil)
365
1 2 3 4 5 6 7 8 9 10 11 12 13 14 15 16 17 18 19 20 21 22 23 24 25 26 27 28 29 30 31 32 33 34 35 36 37 38 39 40 41 42 43 44 45 46 47 48 49 50 51 52 53 54 55 56 57 58 59 60 61 62 63 64 65 66 67 68 69 70 71 72 73 74 75 76 77 78 79 80 81 82 83 84 85 86 87 88 89 90 91 92 93 94 95 96 97 98 99 100 101 102 103 104 105 106 107 108 109 110 111 112 113 114 115 116 117 118 119 120 121 122 123 124 125 126 127 128 129 130 131 132 133 134 135 136 137 138 139 140 141 142 143 144 145 146 147 148 149 150 151 152 153 154 155 156 157 158 159 160 161 162 163 164 165 166 167 168 169 170 171 172 173 174 175 176 177 178 179 180 181 182 183 184 185 186 187 188 189 190 191 192 193 194 195 196 197 198 199 200 201 202 203 204 205 206 207 208 209 210 211 212 213 214 215 216 217 218 219 220 221 222 223 224 225 226 227 228 229 230 231 232 233 234 235 236 237 238 239 240 241 242 243 244 245 246 247 248 249 250 251 252 253 254 255 256 257 258 259 260 261 262 263 264 265 266 267 268 269 270 271 272 273 274 275 276 277 278 279 280 281 282 283 284 285 286 287 288 289 290 291 292 293 294 295 296 297 298 299 300 301 302 303 304 305 306 307 308 309 310 311 312 313 314 315 316 317 318 319 320 321 322 323 324 325 326 327 328 329 330 331 332 333 334 335 336 337 338 339 340 341 342 343 344 345 346 347 348 349 350 351 352 353 354 355 356 357 358 359 360 361 362 363 364 365 
10 
1 2 3 4 5 6 7 8 9 10 
-8.117   -8.117   -8.117   -8.117   -8.117   -8.117   -8.117   -8.117   -8.117   -8.117
-9.37   -9.37   -9.37   -9.37   -9.37   -9.37   -9.37   -9.37   -9.37   -9.37
-12.59   -12.59   -12.59   -12.59   -12.59   -12.59   -12.59   -12.59   -12.59   -12.59
-13   -13   -13   -13   -13   -13   -13   -13   -13   -13
-10.3   -10.3   -10.3   -10.3   -10.3   -10.3   -10.3   -10.3   -10.3   -10.3
-12.98   -12.98   -12.98   -12.98   -12.98   -12.98   -12.98   -12.98   -12.98   -12.98
-48.45   -48.45   -48.45   -48.45   -48.45   -48.45   -48.45   -48.45   -48.45   -48.45
-50.26   -50.26   -50.26   -50.26   -50.26   -50.26   -50.26   -50.26   -50.26   -50.26
-49.2   -49.2   -49.2   -49.2   -49.2   -49.2   -49.2   -49.2   -49.2   -49.2
-50.19   -50.19   -50.19   -50.19   -50.19   -50.19   -50.19   -50.19   -50.19   -50.19
-56.01   -56.01   -56.01   -56.01   -56.01   -56.01   -56.01   -56.01   -56.01   -56.01
-50.73   -50.73   -50.73   -50.73   -50.73   -50.73   -50.73   -50.73   -50.73   -50.73
-56.91   -56.91   -56.91   -56.91   -56.91   -56.91   -56.91   -56.91   -56.91   -56.91
-46.01   -46.01   -46.01   -46.01   -46.01   -46.01   -46.01   -46.01   -46.01   -46.01
-48.67   -48.67   -48.67   -48.67   -48.67   -48.67   -48.67   -48.67   -48.67   -48.67
-46.44   -46.44   -46.44   -46.44   -46.44   -46.44   -46.44   -46.44   -46.44   -46.44
-40.7   -40.7   -40.7   -40.7   -40.7   -40.7   -40.7   -40.7   -40.7   -40.7
-39.67   -39.67   -39.67   -39.67   -39.67   -39.67   -39.67   -39.67   -39.67   -39.67
-38.31   -38.31   -38.31   -38.31   -38.31   -38.31   -38.31   -38.31   -38.31   -38.31
-40.19   -40.19   -40.19   -40.19   -40.19   -40.19   -40.19   -40.19   -40.19   -40.19
-38   -38   -38   -38   -38   -38   -38   -38   -38   -38
-37.7   -37.7   -37.7   -37.7   -37.7   -37.7   -37.7   -37.7   -37.7   -37.7
-47.18   -47.18   -47.18   -47.18   -47.18   -47.18   -47.18   -47.18   -47.18   -47.18
-47.52   -47.52   -47.52   -47.52   -47.52   -47.52   -47.52   -47.52   -47.52   -47.52
-38.45   -38.45   -38.45   -38.45   -38.45   -38.45   -38.45   -38.45   -38.45   -38.45
-38.54   -38.54   -38.54   -38.54   -38.54   -38.54   -38.54   -38.54   -38.54   -38.54
-42.28   -42.28   -42.28   -42.28   -42.28   -42.28   -42.28   -42.28   -42.28   -42.28
-44.99   -44.99   -44.99   -44.99   -44.99   -44.99   -44.99   -44.99   -44.99   -44.99
-43.81   -43.81   -43.81   -43.81   -43.81   -43.81   -43.81   -43.81   -43.81   -43.81
-48.24   -48.24   -48.24   -48.24   -48.24   -48.24   -48.24   -48.24   -48.24   -48.24
-45.55   -45.55   -45.55   -45.55   -45.55   -45.55   -45.55   -45.55   -45.55   -45.55
-50.64   -50.64   -50.64   -50.64   -50.64   -50.64   -50.64   -50.64   -50.64   -50.64
-47.82   -47.82   -47.82   -47.82   -47.82   -47.82   -47.82   -47.82   -47.82   -47.82
-48.83   -48.83   -48.83   -48.83   -48.83   -48.83   -48.83   -48.83   -48.83   -48.83
-61.22   -61.22   -61.22   -61.22   -61.22   -61.22   -61.22   -61.22   -61.22   -61.22
-61.12   -61.12   -61.12   -61.12   -61.12   -61.12   -61.12   -61.12   -61.12   -61.12
-57.21   -57.21   -57.21   -57.21   -57.21   -57.21   -57.21   -57.21   -57.21   -57.21
-65.3   -65.3   -65.3   -65.3   -65.3   -65.3   -65.3   -65.3   -65.3   -65.3
-55.66   -55.66   -55.66   -55.66   -55.66   -55.66   -55.66   -55.66   -55.66   -55.66
-62.3   -62.3   -62.3   -62.3   -62.3   -62.3   -62.3   -62.3   -62.3   -62.3
-65.49   -65.49   -65.49   -65.49   -65.49   -65.49   -65.49   -65.49   -65.49   -65.49
-62.96   -62.96   -62.96   -62.96   -62.96   -62.96   -62.96   -62.96   -62.96   -62.96
-66.05   -66.05   -66.05   -66.05   -66.05   -66.05   -66.05   -66.05   -66.05   -66.05
-64.52   -64.52   -64.52   -64.52   -64.52   -64.52   -64.52   -64.52   -64.52   -64.52
-59.67   -59.67   -59.67   -59.67   -59.67   -59.67   -59.67   -59.67   -59.67   -59.67
-62.04   -62.04   -62.04   -62.04   -62.04   -62.04   -62.04   -62.04   -62.04   -62.04
-62.57   -62.57   -62.57   -62.57   -62.57   -62.57   -62.57   -62.57   -62.57   -62.57
-56.79   -56.79   -56.79   -56.79   -56.79   -56.79   -56.79   -56.79   -56.79   -56.79
-57.65   -57.65   -57.65   -57.65   -57.65   -57.65   -57.65   -57.65   -57.65   -57.65
-49.04   -49.04   -49.04   -49.04   -49.04   -49.04   -49.04   -49.04   -49.04   -49.04
-48.89   -48.89   -48.89   -48.89   -48.89   -48.89   -48.89   -48.89   -48.89   -48.89
-54.96   -54.96   -54.96   -54.96   -54.96   -54.96   -54.96   -54.96   -54.96   -54.96
-53.45   -53.45   -53.45   -53.45   -53.45   -53.45   -53.45   -53.45   -53.45   -53.45
-52.84   -52.84   -52.84   -52.84   -52.84   -52.84   -52.84   -52.84   -52.84   -52.84
-51.47   -51.47   -51.47   -51.47   -51.47   -51.47   -51.47   -51.47   -51.47   -51.47
-38.87   -38.87   -38.87   -38.87   -38.87   -38.87   -38.87   -38.87   -38.87   -38.87
-35.54   -35.54   -35.54   -35.54   -35.54   -35.54   -35.54   -35.54   -35.54   -35.54
-44.21   -44.21   -44.21   -44.21   -44.21   -44.21   -44.21   -44.21   -44.21   -44.21
-40.19   -40.19   -40.19   -40.19   -40.19   -40.19   -40.19   -40.19   -40.19   -40.19
-44.88   -44.88   -44.88   -44.88   -44.88   -44.88   -44.88   -44.88   -44.88   -44.88
-43.85   -43.85   -43.85   -43.85   -43.85   -43.85   -43.85   -43.85   -43.85   -43.85
-42.67   -42.67   -42.67   -42.67   -42.67   -42.67   -42.67   -42.67   -42.67   -42.67
-41.32   -41.32   -41.32   -41.32   -41.32   -41.32   -41.32   -41.32   -41.32   -41.32
-38.02   -38.02   -38.02   -38.02   -38.02   -38.02   -38.02   -38.02   -38.02   -38.02
-38.04   -38.04   -38.04   -38.04   -38.04   -38.04   -38.04   -38.04   -38.04   -38.04
-47.72   -47.72   -47.72   -47.72   -47.72   -47.72   -47.72   -47.72   -47.72   -47.72
-39.13   -39.13   -39.13   -39.13   -39.13   -39.13   -39.13   -39.13   -39.13   -39.13
-49.29   -49.29   -49.29   -49.29   -49.29   -49.29   -49.29   -49.29   -49.29   -49.29
-49.07   -49.07   -49.07   -49.07   -49.07   -49.07   -49.07   -49.07   -49.07   -49.07
-56   -56   -56   -56   -56   -56   -56   -56   -56   -56
-58.35   -58.35   -58.35   -58.35   -58.35   -58.35   -58.35   -58.35   -58.35   -58.35
-53.09   -53.09   -53.09   -53.09   -53.09   -53.09   -53.09   -53.09   -53.09   -53.09
-49.8   -49.8   -49.8   -49.8   -49.8   -49.8   -49.8   -49.8   -49.8   -49.8
-47.82   -47.82   -47.82   -47.82   -47.82   -47.82   -47.82   -47.82   -47.82   -47.82
-55.1   -55.1   -55.1   -55.1   -55.1   -55.1   -55.1   -55.1   -55.1   -55.1
-50.27   -50.27   -50.27   -50.27   -50.27   -50.27   -50.27   -50.27   -50.27   -50.27
-48.22   -48.22   -48.22   -48.22   -48.22   -48.22   -48.22   -48.22   -48.22   -48.22
-56.8   -56.8   -56.8   -56.8   -56.8   -56.8   -56.8   -56.8   -56.8   -56.8
-57.43   -57.43   -57.43   -57.43   -57.43   -57.43   -57.43   -57.43   -57.43   -57.43
-48.16   -48.16   -48.16   -48.16   -48.16   -48.16   -48.16   -48.16   -48.16   -48.16
-49.75   -49.75   -49.75   -49.75   -49.75   -49.75   -49.75   -49.75   -49.75   -49.75
-50.08   -50.08   -50.08   -50.08   -50.08   -50.08   -50.08   -50.08   -50.08   -50.08
-52.25   -52.25   -52.25   -52.25   -52.25   -52.25   -52.25   -52.25   -52.25   -52.25
-47.3   -47.3   -47.3   -47.3   -47.3   -47.3   -47.3   -47.3   -47.3   -47.3
-47.67   -47.67   -47.67   -47.67   -47.67   -47.67   -47.67   -47.67   -47.67   -47.67
-52.91   -52.91   -52.91   -52.91   -52.91   -52.91   -52.91   -52.91   -52.91   -52.91
-48.08   -48.08   -48.08   -48.08   -48.08   -48.08   -48.08   -48.08   -48.08   -48.08
-53.02   -53.02   -53.02   -53.02   -53.02   -53.02   -53.02   -53.02   -53.02   -53.02
-50.92   -50.92   -50.92   -50.92   -50.92   -50.92   -50.92   -50.92   -50.92   -50.92
-45.11   -45.11   -45.11   -45.11   -45.11   -45.11   -45.11   -45.11   -45.11   -45.11
-43.67   -43.67   -43.67   -43.67   -43.67   -43.67   -43.67   -43.67   -43.67   -43.67
-48.93   -48.93   -48.93   -48.93   -48.93   -48.93   -48.93   -48.93   -48.93   -48.93
-50.62   -50.62   -50.62   -50.62   -50.62   -50.62   -50.62   -50.62   -50.62   -50.62
-46.63   -46.63   -46.63   -46.63   -46.63   -46.63   -46.63   -46.63   -46.63   -46.63
-43.96   -43.96   -43.96   -43.96   -43.96   -43.96   -43.96   -43.96   -43.96   -43.96
-48.98   -48.98   -48.98   -48.98   -48.98   -48.98   -48.98   -48.98   -48.98   -48.98
-46.14   -46.14   -46.14   -46.14   -46.14   -46.14   -46.14   -46.14   -46.14   -46.14
-43.63   -43.63   -43.63   -43.63   -43.63   -43.63   -43.63   -43.63   -43.63   -43.63
-55.22   -55.22   -55.22   -55.22   -55.22   -55.22   -55.22   -55.22   -55.22   -55.22
-49.53   -49.53   -49.53   -49.53   -49.53   -49.53   -49.53   -49.53   -49.53   -49.53
-55.42   -55.42   -55.42   -55.42   -55.42   -55.42   -55.42   -55.42   -55.42   -55.42
-62.21   -62.21   -62.21   -62.21   -62.21   -62.21   -62.21   -62.21   -62.21   -62.21
-62.94   -62.94   -62.94   -62.94   -62.94   -62.94   -62.94   -62.94   -62.94   -62.94
-67.9   -67.9   -67.9   -67.9   -67.9   -67.9   -67.9   -67.9   -67.9   -67.9
-64.84   -64.84   -64.84   -64.84   -64.84   -64.84   -64.84   -64.84   -64.84   -64.84
-62.95   -62.95   -62.95   -62.95   -62.95   -62.95   -62.95   -62.95   -62.95   -62.95
-54.27   -54.27   -54.27   -54.27   -54.27   -54.27   -54.27   -54.27   -54.27   -54.27
-55.66   -55.66   -55.66   -55.66   -55.66   -55.66   -55.66   -55.66   -55.66   -55.66
-52.47   -52.47   -52.47   -52.47   -52.47   -52.47   -52.47   -52.47   -52.47   -52.47
-57.35   -57.35   -57.35   -57.35   -57.35   -57.35   -57.35   -57.35   -57.35   -57.35
-48.64   -48.64   -48.64   -48.64   -48.64   -48.64   -48.64   -48.64   -48.64   -48.64
-50.52   -50.52   -50.52   -50.52   -50.52   -50.52   -50.52   -50.52   -50.52   -50.52
-59.04   -59.04   -59.04   -59.04   -59.04   -59.04   -59.04   -59.04   -59.04   -59.04
-54.54   -54.54   -54.54   -54.54   -54.54   -54.54   -54.54   -54.54   -54.54   -54.54
-53.71   -53.71   -53.71   -53.71   -53.71   -53.71   -53.71   -53.71   -53.71   -53.71
-52.66   -52.66   -52.66   -52.66   -52.66   -52.66   -52.66   -52.66   -52.66   -52.66
-49.93   -49.93   -49.93   -49.93   -49.93   -49.93   -49.93   -49.93   -49.93   -49.93
-53.83   -53.83   -53.83   -53.83   -53.83   -53.83   -53.83   -53.83   -53.83   -53.83
-50.59   -50.59   -50.59   -50.59   -50.59   -50.59   -50.59   -50.59   -50.59   -50.59
-44.49   -44.49   -44.49   -44.49   -44.49   -44.49   -44.49   -44.49   -44.49   -44.49
-55.01   -55.01   -55.01   -55.01   -55.01   -55.01   -55.01   -55.01   -55.01   -55.01
-54   -54   -54   -54   -54   -54   -54   -54   -54   -54
-54.14   -54.14   -54.14   -54.14   -54.14   -54.14   -54.14   -54.14   -54.14   -54.14
-53.54   -53.54   -53.54   -53.54   -53.54   -53.54   -53.54   -53.54   -53.54   -53.54
-44.93   -44.93   -44.93   -44.93   -44.93   -44.93   -44.93   -44.93   -44.93   -44.93
-48.81   -48.81   -48.81   -48.81   -48.81   -48.81   -48.81   -48.81   -48.81   -48.81
-49.82   -49.82   -49.82   -49.82   -49.82   -49.82   -49.82   -49.82   -49.82   -49.82
-46.47   -46.47   -46.47   -46.47   -46.47   -46.47   -46.47   -46.47   -46.47   -46.47
-48.95   -48.95   -48.95   -48.95   -48.95   -48.95   -48.95   -48.95   -48.95   -48.95
-52.08   -52.08   -52.08   -52.08   -52.08   -52.08   -52.08   -52.08   -52.08   -52.08
-51.22   -51.22   -51.22   -51.22   -51.22   -51.22   -51.22   -51.22   -51.22   -51.22
-56.02   -56.02   -56.02   -56.02   -56.02   -56.02   -56.02   -56.02   -56.02   -56.02
-56.95   -56.95   -56.95   -56.95   -56.95   -56.95   -56.95   -56.95   -56.95   -56.95
-51.28   -51.28   -51.28   -51.28   -51.28   -51.28   -51.28   -51.28   -51.28   -51.28
-63.52   -63.52   -63.52   -63.52   -63.52   -63.52   -63.52   -63.52   -63.52   -63.52
-59.27   -59.27   -59.27   -59.27   -59.27   -59.27   -59.27   -59.27   -59.27   -59.27
-58.02   -58.02   -58.02   -58.02   -58.02   -58.02   -58.02   -58.02   -58.02   -58.02
-67.68   -67.68   -67.68   -67.68   -67.68   -67.68   -67.68   -67.68   -67.68   -67.68
-71.23   -71.23   -71.23   -71.23   -71.23   -71.23   -71.23   -71.23   -71.23   -71.23
-64.88   -64.88   -64.88   -64.88   -64.88   -64.88   -64.88   -64.88   -64.88   -64.88
-69.63   -69.63   -69.63   -69.63   -69.63   -69.63   -69.63   -69.63   -69.63   -69.63
-65.76   -65.76   -65.76   -65.76   -65.76   -65.76   -65.76   -65.76   -65.76   -65.76
-63.42   -63.42   -63.42   -63.42   -63.42   -63.42   -63.42   -63.42   -63.42   -63.42
-69.44   -69.44   -69.44   -69.44   -69.44   -69.44   -69.44   -69.44   -69.44   -69.44
-58.58   -58.58   -58.58   -58.58   -58.58   -58.58   -58.58   -58.58   -58.58   -58.58
-60.91   -60.91   -60.91   -60.91   -60.91   -60.91   -60.91   -60.91   -60.91   -60.91
-59.56   -59.56   -59.56   -59.56   -59.56   -59.56   -59.56   -59.56   -59.56   -59.56
-62.59   -62.59   -62.59   -62.59   -62.59   -62.59   -62.59   -62.59   -62.59   -62.59
-66.24   -66.24   -66.24   -66.24   -66.24   -66.24   -66.24   -66.24   -66.24   -66.24
-53.73   -53.73   -53.73   -53.73   -53.73   -53.73   -53.73   -53.73   -53.73   -53.73
-55.35   -55.35   -55.35   -55.35   -55.35   -55.35   -55.35   -55.35   -55.35   -55.35
-45.83   -45.83   -45.83   -45.83   -45.83   -45.83   -45.83   -45.83   -45.83   -45.83
-48.86   -48.86   -48.86   -48.86   -48.86   -48.86   -48.86   -48.86   -48.86   -48.86
-45.94   -45.94   -45.94   -45.94   -45.94   -45.94   -45.94   -45.94   -45.94   -45.94
-43.52   -43.52   -43.52   -43.52   -43.52   -43.52   -43.52   -43.52   -43.52   -43.52
-50.69   -50.69   -50.69   -50.69   -50.69   -50.69   -50.69   -50.69   -50.69   -50.69
-40.21   -40.21   -40.21   -40.21   -40.21   -40.21   -40.21   -40.21   -40.21   -40.21
-47.2   -47.2   -47.2   -47.2   -47.2   -47.2   -47.2   -47.2   -47.2   -47.2
-46.19   -46.19   -46.19   -46.19   -46.19   -46.19   -46.19   -46.19   -46.19   -46.19
-45.86   -45.86   -45.86   -45.86   -45.86   -45.86   -45.86   -45.86   -45.86   -45.86
-37.51   -37.51   -37.51   -37.51   -37.51   -37.51   -37.51   -37.51   -37.51   -37.51
-46.05   -46.05   -46.05   -46.05   -46.05   -46.05   -46.05   -46.05   -46.05   -46.05
-38.83   -38.83   -38.83   -38.83   -38.83   -38.83   -38.83   -38.83   -38.83   -38.83
-44.21   -44.21   -44.21   -44.21   -44.21   -44.21   -44.21   -44.21   -44.21   -44.21
-47.6   -47.6   -47.6   -47.6   -47.6   -47.6   -47.6   -47.6   -47.6   -47.6
-41.94   -41.94   -41.94   -41.94   -41.94   -41.94   -41.94   -41.94   -41.94   -41.94
-50.03   -50.03   -50.03   -50.03   -50.03   -50.03   -50.03   -50.03   -50.03   -50.03
-43.05   -43.05   -43.05   -43.05   -43.05   -43.05   -43.05   -43.05   -43.05   -43.05
-47.53   -47.53   -47.53   -47.53   -47.53   -47.53   -47.53   -47.53   -47.53   -47.53
-41.33   -41.33   -41.33   -41.33   -41.33   -41.33   -41.33   -41.33   -41.33   -41.33
-51.71   -51.71   -51.71   -51.71   -51.71   -51.71   -51.71   -51.71   -51.71   -51.71
-43.43   -43.43   -43.43   -43.43   -43.43   -43.43   -43.43   -43.43   -43.43   -43.43
-48.3   -48.3   -48.3   -48.3   -48.3   -48.3   -48.3   -48.3   -48.3   -48.3
-48.42   -48.42   -48.42   -48.42   -48.42   -48.42   -48.42   -48.42   -48.42   -48.42
-45.32   -45.32   -45.32   -45.32   -45.32   -45.32   -45.32   -45.32   -45.32   -45.32
-47.59   -47.59   -47.59   -47.59   -47.59   -47.59   -47.59   -47.59   -47.59   -47.59
-48.66   -48.66   -48.66   -48.66   -48.66   -48.66   -48.66   -48.66   -48.66   -48.66
-52.74   -52.74   -52.74   -52.74   -52.74   -52.74   -52.74   -52.74   -52.74   -52.74
-60.31   -60.31   -60.31   -60.31   -60.31   -60.31   -60.31   -60.31   -60.31   -60.31
-61.82   -61.82   -61.82   -61.82   -61.82   -61.82   -61.82   -61.82   -61.82   -61.82
-64.93   -64.93   -64.93   -64.93   -64.93   -64.93   -64.93   -64.93   -64.93   -64.93
-60.42   -60.42   -60.42   -60.42   -60.42   -60.42   -60.42   -60.42   -60.42   -60.42
-66.41   -66.41   -66.41   -66.41   -66.41   -66.41   -66.41   -66.41   -66.41   -66.41
-67.81   -67.81   -67.81   -67.81   -67.81   -67.81   -67.81   -67.81   -67.81   -67.81
-67.34   -67.34   -67.34   -67.34   -67.34   -67.34   -67.34   -67.34   -67.34   -67.34
-69   -69   -69   -69   -69   -69   -69   -69   -69   -69
-63.05   -63.05   -63.05   -63.05   -63.05   -63.05   -63.05   -63.05   -63.05   -63.05
-65.77   -65.77   -65.77   -65.77   -65.77   -65.77   -65.77   -65.77   -65.77   -65.77
-63.88   -63.88   -63.88   -63.88   -63.88   -63.88   -63.88   -63.88   -63.88   -63.88
-61.47   -61.47   -61.47   -61.47   -61.47   -61.47   -61.47   -61.47   -61.47   -61.47
-69.45   -69.45   -69.45   -69.45   -69.45   -69.45   -69.45   -69.45   -69.45   -69.45
-64.55   -64.55   -64.55   -64.55   -64.55   -64.55   -64.55   -64.55   -64.55   -64.55
-59.42   -59.42   -59.42   -59.42   -59.42   -59.42   -59.42   -59.42   -59.42   -59.42
-59.54   -59.54   -59.54   -59.54   -59.54   -59.54   -59.54   -59.54   -59.54   -59.54
-51.38   -51.38   -51.38   -51.38   -51.38   -51.38   -51.38   -51.38   -51.38   -51.38
-54.17   -54.17   -54.17   -54.17   -54.17   -54.17   -54.17   -54.17   -54.17   -54.17
-48.09   -48.09   -48.09   -48.09   -48.09   -48.09   -48.09   -48.09   -48.09   -48.09
-53.84   -53.84   -53.84   -53.84   -53.84   -53.84   -53.84   -53.84   -53.84   -53.84
-47.43   -47.43   -47.43   -47.43   -47.43   -47.43   -47.43   -47.43   -47.43   -47.43
-46.44   -46.44   -46.44   -46.44   -46.44   -46.44   -46.44   -46.44   -46.44   -46.44
-47.92   -47.92   -47.92   -47.92   -47.92   -47.92   -47.92   -47.92   -47.92   -47.92
-49.03   -49.03   -49.03   -49.03   -49.03   -49.03   -49.03   -49.03   -49.03   -49.03
-40   -40   -40   -40   -40   -40   -40   -40   -40   -40
-34.8   -34.8   -34.8   -34.8   -34.8   -34.8   -34.8   -34.8   -34.8   -34.8
-42.77   -42.77   -42.77   -42.77   -42.77   -42.77   -42.77   -42.77   -42.77   -42.77
-39.47   -39.47   -39.47   -39.47   -39.47   -39.47   -39.47   -39.47   -39.47   -39.47
-40.51   -40.51   -40.51   -40.51   -40.51   -40.51   -40.51   -40.51   -40.51   -40.51
-43.51   -43.51   -43.51   -43.51   -43.51   -43.51   -43.51   -43.51   -43.51   -43.51
-46.68   -46.68   -46.68   -46.68   -46.68   -46.68   -46.68   -46.68   -46.68   -46.68
-57.83   -57.83   -57.83   -57.83   -57.83   -57.83   -57.83   -57.83   -57.83   -57.83
-54.33   -54.33   -54.33   -54.33   -54.33   -54.33   -54.33   -54.33   -54.33   -54.33
-57.67   -57.67   -57.67   -57.67   -57.67   -57.67   -57.67   -57.67   -57.67   -57.67
-54.55   -54.55   -54.55   -54.55   -54.55   -54.55   -54.55   -54.55   -54.55   -54.55
-52.05   -52.05   -52.05   -52.05   -52.05   -52.05   -52.05   -52.05   -52.05   -52.05
-63.6   -63.6   -63.6   -63.6   -63.6   -63.6   -63.6   -63.6   -63.6   -63.6
-61.96   -61.96   -61.96   -61.96   -61.96   -61.96   -61.96   -61.96   -61.96   -61.96
-65.32   -65.32   -65.32   -65.32   -65.32   -65.32   -65.32   -65.32   -65.32   -65.32
-66.98   -66.98   -66.98   -66.98   -66.98   -66.98   -66.98   -66.98   -66.98   -66.98
-65   -65   -65   -65   -65   -65   -65   -65   -65   -65
-67.08   -67.08   -67.08   -67.08   -67.08   -67.08   -67.08   -67.08   -67.08   -67.08
-59.02   -59.02   -59.02   -59.02   -59.02   -59.02   -59.02   -59.02   -59.02   -59.02
-57.21   -57.21   -57.21   -57.21   -57.21   -57.21   -57.21   -57.21   -57.21   -57.21
-52.62   -52.62   -52.62   -52.62   -52.62   -52.62   -52.62   -52.62   -52.62   -52.62
-57.5   -57.5   -57.5   -57.5   -57.5   -57.5   -57.5   -57.5   -57.5   -57.5
-49.06   -49.06   -49.06   -49.06   -49.06   -49.06   -49.06   -49.06   -49.06   -49.06
-49.96   -49.96   -49.96   -49.96   -49.96   -49.96   -49.96   -49.96   -49.96   -49.96
-53.95   -53.95   -53.95   -53.95   -53.95   -53.95   -53.95   -53.95   -53.95   -53.95
-53.62   -53.62   -53.62   -53.62   -53.62   -53.62   -53.62   -53.62   -53.62   -53.62
-54.7   -54.7   -54.7   -54.7   -54.7   -54.7   -54.7   -54.7   -54.7   -54.7
-53.45   -53.45   -53.45   -53.45   -53.45   -53.45   -53.45   -53.45   -53.45   -53.45
-48.56   -48.56   -48.56   -48.56   -48.56   -48.56   -48.56   -48.56   -48.56   -48.56
-51.22   -51.22   -51.22   -51.22   -51.22   -51.22   -51.22   -51.22   -51.22   -51.22
-54.66   -54.66   -54.66   -54.66   -54.66   -54.66   -54.66   -54.66   -54.66   -54.66
-50.57   -50.57   -50.57   -50.57   -50.57   -50.57   -50.57   -50.57   -50.57   -50.57
-50.33   -50.33   -50.33   -50.33   -50.33   -50.33   -50.33   -50.33   -50.33   -50.33
-42.83   -42.83   -42.83   -42.83   -42.83   -42.83   -42.83   -42.83   -42.83   -42.83
-47.22   -47.22   -47.22   -47.22   -47.22   -47.22   -47.22   -47.22   -47.22   -47.22
-45.35   -45.35   -45.35   -45.35   -45.35   -45.35   -45.35   -45.35   -45.35   -45.35
-44.37   -44.37   -44.37   -44.37   -44.37   -44.37   -44.37   -44.37   -44.37   -44.37
-40.65   -40.65   -40.65   -40.65   -40.65   -40.65   -40.65   -40.65   -40.65   -40.65
-31.09   -31.09   -31.09   -31.09   -31.09   -31.09   -31.09   -31.09   -31.09   -31.09
-34.01   -34.01   -34.01   -34.01   -34.01   -34.01   -34.01   -34.01   -34.01   -34.01
-37.57   -37.57   -37.57   -37.57   -37.57   -37.57   -37.57   -37.57   -37.57   -37.57
-29.18   -29.18   -29.18   -29.18   -29.18   -29.18   -29.18   -29.18   -29.18   -29.18
-35.74   -35.74   -35.74   -35.74   -35.74   -35.74   -35.74   -35.74   -35.74   -35.74
-29.67   -29.67   -29.67   -29.67   -29.67   -29.67   -29.67   -29.67   -29.67   -29.67
-36.28   -36.28   -36.28   -36.28   -36.28   -36.28   -36.28   -36.28   -36.28   -36.28
-26.18   -26.18   -26.18   -26.18   -26.18   -26.18   -26.18   -26.18   -26.18   -26.18
-28.46   -28.46   -28.46   -28.46   -28.46   -28.46   -28.46   -28.46   -28.46   -28.46
-23.31   -23.31   -23.31   -23.31   -23.31   -23.31   -23.31   -23.31   -23.31   -23.31
-29.97   -29.97   -29.97   -29.97   -29.97   -29.97   -29.97   -29.97   -29.97   -29.97
-29.03   -29.03   -29.03   -29.03   -29.03   -29.03   -29.03   -29.03   -29.03   -29.03
-33.39   -33.39   -33.39   -33.39   -33.39   -33.39   -33.39   -33.39   -33.39   -33.39
-25.39   -25.39   -25.39   -25.39   -25.39   -25.39   -25.39   -25.39   -25.39   -25.39
-32.98   -32.98   -32.98   -32.98   -32.98   -32.98   -32.98   -32.98   -32.98   -32.98
-23.25   -23.25   -23.25   -23.25   -23.25   -23.25   -23.25   -23.25   -23.25   -23.25
-31.54   -31.54   -31.54   -31.54   -31.54   -31.54   -31.54   -31.54   -31.54   -31.54
-23.69   -23.69   -23.69   -23.69   -23.69   -23.69   -23.69   -23.69   -23.69   -23.69
-26.42   -26.42   -26.42   -26.42   -26.42   -26.42   -26.42   -26.42   -26.42   -26.42
-23.83   -23.83   -23.83   -23.83   -23.83   -23.83   -23.83   -23.83   -23.83   -23.83
-26.19   -26.19   -26.19   -26.19   -26.19   -26.19   -26.19   -26.19   -26.19   -26.19
-33.96   -33.96   -33.96   -33.96   -33.96   -33.96   -33.96   -33.96   -33.96   -33.96
-42.05   -42.05   -42.05   -42.05   -42.05   -42.05   -42.05   -42.05   -42.05   -42.05
-42.26   -42.26   -42.26   -42.26   -42.26   -42.26   -42.26   -42.26   -42.26   -42.26
-36.2   -36.2   -36.2   -36.2   -36.2   -36.2   -36.2   -36.2   -36.2   -36.2
-46.6   -46.6   -46.6   -46.6   -46.6   -46.6   -46.6   -46.6   -46.6   -46.6
-42.44   -42.44   -42.44   -42.44   -42.44   -42.44   -42.44   -42.44   -42.44   -42.44
-40.73   -40.73   -40.73   -40.73   -40.73   -40.73   -40.73   -40.73   -40.73   -40.73
-43.1   -43.1   -43.1   -43.1   -43.1   -43.1   -43.1   -43.1   -43.1   -43.1
-41.93   -41.93   -41.93   -41.93   -41.93   -41.93   -41.93   -41.93   -41.93   -41.93
-44.55   -44.55   -44.55   -44.55   -44.55   -44.55   -44.55   -44.55   -44.55   -44.55
-44.44   -44.44   -44.44   -44.44   -44.44   -44.44   -44.44   -44.44   -44.44   -44.44
-46.11   -46.11   -46.11   -46.11   -46.11   -46.11   -46.11   -46.11   -46.11   -46.11
-42.11   -42.11   -42.11   -42.11   -42.11   -42.11   -42.11   -42.11   -42.11   -42.11
-40.51   -40.51   -40.51   -40.51   -40.51   -40.51   -40.51   -40.51   -40.51   -40.51
-46.18   -46.18   -46.18   -46.18   -46.18   -46.18   -46.18   -46.18   -46.18   -46.18
-42   -42   -42   -42   -42   -42   -42   -42   -42   -42
-43.14   -43.14   -43.14   -43.14   -43.14   -43.14   -43.14   -43.14   -43.14   -43.14
-41.36   -41.36   -41.36   -41.36   -41.36   -41.36   -41.36   -41.36   -41.36   -41.36
-40.63   -40.63   -40.63   -40.63   -40.63   -40.63   -40.63   -40.63   -40.63   -40.63
-41.14   -41.14   -41.14   -41.14   -41.14   -41.14   -41.14   -41.14   -41.14   -41.14
-44.59   -44.59   -44.59   -44.59   -44.59   -44.59   -44.59   -44.59   -44.59   -44.59
-41.36   -41.36   -41.36   -41.36   -41.36   -41.36   -41.36   -41.36   -41.36   -41.36
-33.49   -33.49   -33.49   -33.49   -33.49   -33.49   -33.49   -33.49   -33.49   -33.49
-41.28   -41.28   -41.28   -41.28   -41.28   -41.28   -41.28   -41.28   -41.28   -41.28
-40.32   -40.32   -40.32   -40.32   -40.32   -40.32   -40.32   -40.32   -40.32   -40.32
-39.49   -39.49   -39.49   -39.49   -39.49   -39.49   -39.49   -39.49   -39.49   -39.49
-34.22   -34.22   -34.22   -34.22   -34.22   -34.22   -34.22   -34.22   -34.22   -34.22
-40.83   -40.83   -40.83   -40.83   -40.83   -40.83   -40.83   -40.83   -40.83   -40.83
-42.35   -42.35   -42.35   -42.35   -42.35   -42.35   -42.35   -42.35   -42.35   -42.35
-38.33   -38.33   -38.33   -38.33   -38.33   -38.33   -38.33   -38.33   -38.33   -38.33
-36.84   -36.84   -36.84   -36.84   -36.84   -36.84   -36.84   -36.84   -36.84   -36.84
-37.83   -37.83   -37.83   -37.83   -37.83   -37.83   -37.83   -37.83   -37.83   -37.83
-31.46   -31.46   -31.46   -31.46   -31.46   -31.46   -31.46   -31.46   -31.46   -31.46
-35.76   -35.76   -35.76   -35.76   -35.76   -35.76   -35.76   -35.76   -35.76   -35.76
-43.65   -43.65   -43.65   -43.65   -43.65   -43.65   -43.65   -43.65   -43.65   -43.65
-42.39   -42.39   -42.39   -42.39   -42.39   -42.39   -42.39   -42.39   -42.39   -42.39
-39.81   -39.81   -39.81   -39.81   -39.81   -39.81   -39.81   -39.81   -39.81   -39.81
-36.59   -36.59   -36.59   -36.59   -36.59   -36.59   -36.59   -36.59   -36.59   -36.59
-33.43   -33.43   -33.43   -33.43   -33.43   -33.43   -33.43   -33.43   -33.43   -33.43
-26.27   -26.27   -26.27   -26.27   -26.27   -26.27   -26.27   -26.27   -26.27   -26.27
-32.85   -32.85   -32.85   -32.85   -32.85   -32.85   -32.85   -32.85   -32.85   -32.85
-30.46   -30.46   -30.46   -30.46   -30.46   -30.46   -30.46   -30.46   -30.46   -30.46
-30.72   -30.72   -30.72   -30.72   -30.72   -30.72   -30.72   -30.72   -30.72   -30.72
-25.22   -25.22   -25.22   -25.22   -25.22   -25.22   -25.22   -25.22   -25.22   -25.22
-25.42   -25.42   -25.42   -25.42   -25.42   -25.42   -25.42   -25.42   -25.42   -25.42
-22.39   -22.39   -22.39   -22.39   -22.39   -22.39   -22.39   -22.39   -22.39   -22.39
-19.26   -19.26   -19.26   -19.26   -19.26   -19.26   -19.26   -19.26   -19.26   -19.26
-10.28   -10.28   -10.28   -10.28   -10.28   -10.28   -10.28   -10.28   -10.28   -10.28
-3.716   -3.716   -3.716   -3.716   -3.716   -3.716   -3.716   -3.716   -3.716   -3.716
-8.063   -8.063   -8.063   -8.063   -8.063   -8.063   -8.063   -8.063   -8.063   -8.063
-8.643   -8.643   -8.643   -8.643   -8.643   -8.643   -8.643   -8.643   -8.643   -8.643
-18.4   -18.4   -18.4   -18.4   -18.4   -18.4   -18.4   -18.4   -18.4   -18.4
-21.17   -21.17   -21.17   -21.17   -21.17   -21.17   -21.17   -21.17   -21.17   -21.17
-14.82   -14.82   -14.82   -14.82   -14.82   -14.82   -14.82   -14.82   -14.82   -14.82
-16.92   -16.92   -16.92   -16.92   -16.92   -16.92   -16.92   -16.92   -16.92   -16.92
-20.2   -20.2   -20.2   -20.2   -20.2   -20.2   -20.2   -20.2   -20.2   -20.2
-18.97   -18.97   -18.97   -18.97   -18.97   -18.97   -18.97   -18.97   -18.97   -18.97
-25.67   -25.67   -25.67   -25.67   -25.67   -25.67   -25.67   -25.67   -25.67   -25.67
-27.52   -27.52   -27.52   -27.52   -27.52   -27.52   -27.52   -27.52   -27.52   -27.52
-23.82   -23.82   -23.82   -23.82   -23.82   -23.82   -23.82   -23.82   -23.82   -23.82
-27.07   -27.07   -27.07   -27.07   -27.07   -27.07   -27.07   -27.07   -27.07   -27.07
-36.67   -36.67   -36.67   -36.67   -36.67   -36.67   -36.67   -36.67   -36.67   -36.67
-37.79   -37.79   -37.79   -37.79   -37.79   -37.79   -37.79   -37.79   -37.79   -37.79
-43.1   -43.1   -43.1   -43.1   -43.1   -43.1   -43.1   -43.1   -43.1   -43.1
-37.82   -37.82   -37.82   -37.82   -37.82   -37.82   -37.82   -37.82   -37.82   -37.82
-35.92   -35.92   -35.92   -35.92   -35.92   -35.92   -35.92   -35.92   -35.92   -35.92
-37.37   -37.37   -37.37   -37.37   -37.37   -37.37   -37.37   -37.37   -37.37   -37.37
-38.25   -38.25   -38.25   -38.25   -38.25   -38.25   -38.25   -38.25   -38.25   -38.25
-35.18   -35.18   -35.18   -35.18   -35.18   -35.18   -35.18   -35.18   -35.18   -35.18
-36.75   -36.75   -36.75   -36.75   -36.75   -36.75   -36.75   -36.75   -36.75   -36.75
-34.45   -34.45   -34.45   -34.45   -34.45   -34.45   -34.45   -34.45   -34.45   -34.45
-22.15   -22.15   -22.15   -22.15   -22.15   -22.15   -22.15   -22.15   -22.15   -22.15
-29.62   -29.62   -29.62   -29.62   -29.62   -29.62   -29.62   -29.62   -29.62   -29.62
-19.18   -19.18   -19.18   -19.18   -19.18   -19.18   -19.18   -19.18   -19.18   -19.18
-24.7   -24.7   -24.7   -24.7   -24.7   -24.7   -24.7   -24.7   -24.7   -24.7
-18.19   -18.19   -18.19   -18.19   -18.19   -18.19   -18.19   -18.19   -18.19   -18.19
-25.13   -25.13   -25.13   -25.13   -25.13   -25.13   -25.13   -25.13   -25.13   -25.13
-15.52   -15.52   -15.52   -15.52   -15.52   -15.52   -15.52   -15.52   -15.52   -15.52
-21.51   -21.51   -21.51   -21.51   -21.51   -21.51   -21.51   -21.51   -21.51   -21.51
-22.27   -22.27   -22.27   -22.27   -22.27   -22.27   -22.27   -22.27   -22.27   -22.27
-17.14   -17.14   -17.14   -17.14   -17.14   -17.14   -17.14   -17.14   -17.14   -17.14
-18.36   -18.36   -18.36   -18.36   -18.36   -18.36   -18.36   -18.36   -18.36   -18.36
-17.46   -17.46   -17.46   -17.46   -17.46   -17.46   -17.46   -17.46   -17.46   -17.46
-16.35   -16.35   -16.35   -16.35   -16.35   -16.35   -16.35   -16.35   -16.35   -16.35
-9.02   -9.02   -9.02   -9.02   -9.02   -9.02   -9.02   -9.02   -9.02   -9.02
-15.84   -15.84   -15.84   -15.84   -15.84   -15.84   -15.84   -15.84   -15.84   -15.84
-10.04   -10.04   -10.04   -10.04   -10.04   -10.04   -10.04   -10.04   -10.04   -10.04
-5.834   -5.834   -5.834   -5.834   -5.834   -5.834   -5.834   -5.834   -5.834   -5.834
-9.273   -9.273   -9.273   -9.273   -9.273   -9.273   -9.273   -9.273   -9.273   -9.273
-0.05515   -0.05515   -0.05515   -0.05515   -0.05515   -0.05515   -0.05515   -0.05515   -0.05515   -0.05515
-1.551   -1.551   -1.551   -1.551   -1.551   -1.551   -1.551   -1.551   -1.551   -1.551
-2.874   -2.874   -2.874   -2.874   -2.874   -2.874   -2.874   -2.874   -2.874   -2.874
7.603   7.603   7.603   7.603   7.603   7.603   7.603   7.603   7.603   7.603
3.152   3.152   3.152   3.152   3.152   3.152   3.152   3.152   3.152   3.152
7.556   7.556   7.556   7.556   7.556   7.556   7.556   7.556   7.556   7.556
8.287   8.287   8.287   8.287   8.287   8.287   8.287   8.287   8.287   8.287
6.506   6.506   6.506   6.506   6.506   6.506   6.506   6.506   6.506   6.506
-9.726   -9.726   -9.726   -9.726   -9.726   -9.726   -9.726   -9.726   -9.726   -9.726
-8.29   -8.29   -8.29   -8.29   -8.29   -8.29   -8.29   -8.29   -8.29   -8.29
-4.221   -4.221   -4.221   -4.221   -4.221   -4.221   -4.221   -4.221   -4.221   -4.221
-10.29   -10.29   -10.29   -10.29   -10.29   -10.29   -10.29   -10.29   -10.29   -10.29
-11.71   -11.71   -11.71   -11.71   -11.71   -11.71   -11.71   -11.71   -11.71   -11.71
-10.12   -10.12   -10.12   -10.12   -10.12   -10.12   -10.12   -10.12   -10.12   -10.12
-3.335   -3.335   -3.335   -3.335   -3.335   -3.335   -3.335   -3.335   -3.335   -3.335
