# Daily relative huimidity (frac)
365
1 2 3 4 5 6 7 8 9 10 11 12 13 14 15 16 17 18 19 20 21 22 23 24 25 26 27 28 29 30 31 32 33 34 35 36 37 38 39 40 41 42 43 44 45 46 47 48 49 50 51 52 53 54 55 56 57 58 59 60 61 62 63 64 65 66 67 68 69 70 71 72 73 74 75 76 77 78 79 80 81 82 83 84 85 86 87 88 89 90 91 92 93 94 95 96 97 98 99 100 101 102 103 104 105 106 107 108 109 110 111 112 113 114 115 116 117 118 119 120 121 122 123 124 125 126 127 128 129 130 131 132 133 134 135 136 137 138 139 140 141 142 143 144 145 146 147 148 149 150 151 152 153 154 155 156 157 158 159 160 161 162 163 164 165 166 167 168 169 170 171 172 173 174 175 176 177 178 179 180 181 182 183 184 185 186 187 188 189 190 191 192 193 194 195 196 197 198 199 200 201 202 203 204 205 206 207 208 209 210 211 212 213 214 215 216 217 218 219 220 221 222 223 224 225 226 227 228 229 230 231 232 233 234 235 236 237 238 239 240 241 242 243 244 245 246 247 248 249 250 251 252 253 254 255 256 257 258 259 260 261 262 263 264 265 266 267 268 269 270 271 272 273 274 275 276 277 278 279 280 281 282 283 284 285 286 287 288 289 290 291 292 293 294 295 296 297 298 299 300 301 302 303 304 305 306 307 308 309 310 311 312 313 314 315 316 317 318 319 320 321 322 323 324 325 326 327 328 329 330 331 332 333 334 335 336 337 338 339 340 341 342 343 344 345 346 347 348 349 350 351 352 353 354 355 356 357 358 359 360 361 362 363 364 365 
10 
1 2 3 4 5 6 7 8 9 10 
0.8543	0.8543	0.8543	0.8543	0.8543	0.8543	0.8543	0.8543	0.8543	0.8543
0.8564	0.8564	0.8564	0.8564	0.8564	0.8564	0.8564	0.8564	0.8564	0.8564
0.8584	0.8584	0.8584	0.8584	0.8584	0.8584	0.8584	0.8584	0.8584	0.8584
0.8603	0.8603	0.8603	0.8603	0.8603	0.8603	0.8603	0.8603	0.8603	0.8603
0.8621	0.8621	0.8621	0.8621	0.8621	0.8621	0.8621	0.8621	0.8621	0.8621
0.8638	0.8638	0.8638	0.8638	0.8638	0.8638	0.8638	0.8638	0.8638	0.8638
0.8653	0.8653	0.8653	0.8653	0.8653	0.8653	0.8653	0.8653	0.8653	0.8653
0.8667	0.8667	0.8667	0.8667	0.8667	0.8667	0.8667	0.8667	0.8667	0.8667
0.868	0.868	0.868	0.868	0.868	0.868	0.868	0.868	0.868	0.868
0.8692	0.8692	0.8692	0.8692	0.8692	0.8692	0.8692	0.8692	0.8692	0.8692
0.8703	0.8703	0.8703	0.8703	0.8703	0.8703	0.8703	0.8703	0.8703	0.8703
0.8713	0.8713	0.8713	0.8713	0.8713	0.8713	0.8713	0.8713	0.8713	0.8713
0.8722	0.8722	0.8722	0.8722	0.8722	0.8722	0.8722	0.8722	0.8722	0.8722
0.8729	0.8729	0.8729	0.8729	0.8729	0.8729	0.8729	0.8729	0.8729	0.8729
0.8736	0.8736	0.8736	0.8736	0.8736	0.8736	0.8736	0.8736	0.8736	0.8736
0.8742	0.8742	0.8742	0.8742	0.8742	0.8742	0.8742	0.8742	0.8742	0.8742
0.8746	0.8746	0.8746	0.8746	0.8746	0.8746	0.8746	0.8746	0.8746	0.8746
0.875	0.875	0.875	0.875	0.875	0.875	0.875	0.875	0.875	0.875
0.8753	0.8753	0.8753	0.8753	0.8753	0.8753	0.8753	0.8753	0.8753	0.8753
0.8755	0.8755	0.8755	0.8755	0.8755	0.8755	0.8755	0.8755	0.8755	0.8755
0.8755	0.8755	0.8755	0.8755	0.8755	0.8755	0.8755	0.8755	0.8755	0.8755
0.8755	0.8755	0.8755	0.8755	0.8755	0.8755	0.8755	0.8755	0.8755	0.8755
0.8755	0.8755	0.8755	0.8755	0.8755	0.8755	0.8755	0.8755	0.8755	0.8755
0.8753	0.8753	0.8753	0.8753	0.8753	0.8753	0.8753	0.8753	0.8753	0.8753
0.875	0.875	0.875	0.875	0.875	0.875	0.875	0.875	0.875	0.875
0.8747	0.8747	0.8747	0.8747	0.8747	0.8747	0.8747	0.8747	0.8747	0.8747
0.8742	0.8742	0.8742	0.8742	0.8742	0.8742	0.8742	0.8742	0.8742	0.8742
0.8737	0.8737	0.8737	0.8737	0.8737	0.8737	0.8737	0.8737	0.8737	0.8737
0.8731	0.8731	0.8731	0.8731	0.8731	0.8731	0.8731	0.8731	0.8731	0.8731
0.8725	0.8725	0.8725	0.8725	0.8725	0.8725	0.8725	0.8725	0.8725	0.8725
0.8717	0.8717	0.8717	0.8717	0.8717	0.8717	0.8717	0.8717	0.8717	0.8717
0.8709	0.8709	0.8709	0.8709	0.8709	0.8709	0.8709	0.8709	0.8709	0.8709
0.87	0.87	0.87	0.87	0.87	0.87	0.87	0.87	0.87	0.87
0.869	0.869	0.869	0.869	0.869	0.869	0.869	0.869	0.869	0.869
0.868	0.868	0.868	0.868	0.868	0.868	0.868	0.868	0.868	0.868
0.8669	0.8669	0.8669	0.8669	0.8669	0.8669	0.8669	0.8669	0.8669	0.8669
0.8657	0.8657	0.8657	0.8657	0.8657	0.8657	0.8657	0.8657	0.8657	0.8657
0.8645	0.8645	0.8645	0.8645	0.8645	0.8645	0.8645	0.8645	0.8645	0.8645
0.8632	0.8632	0.8632	0.8632	0.8632	0.8632	0.8632	0.8632	0.8632	0.8632
0.8618	0.8618	0.8618	0.8618	0.8618	0.8618	0.8618	0.8618	0.8618	0.8618
0.8604	0.8604	0.8604	0.8604	0.8604	0.8604	0.8604	0.8604	0.8604	0.8604
0.8589	0.8589	0.8589	0.8589	0.8589	0.8589	0.8589	0.8589	0.8589	0.8589
0.8574	0.8574	0.8574	0.8574	0.8574	0.8574	0.8574	0.8574	0.8574	0.8574
0.8558	0.8558	0.8558	0.8558	0.8558	0.8558	0.8558	0.8558	0.8558	0.8558
0.8542	0.8542	0.8542	0.8542	0.8542	0.8542	0.8542	0.8542	0.8542	0.8542
0.8525	0.8525	0.8525	0.8525	0.8525	0.8525	0.8525	0.8525	0.8525	0.8525
0.8507	0.8507	0.8507	0.8507	0.8507	0.8507	0.8507	0.8507	0.8507	0.8507
0.8489	0.8489	0.8489	0.8489	0.8489	0.8489	0.8489	0.8489	0.8489	0.8489
0.847	0.847	0.847	0.847	0.847	0.847	0.847	0.847	0.847	0.847
0.8451	0.8451	0.8451	0.8451	0.8451	0.8451	0.8451	0.8451	0.8451	0.8451
0.8432	0.8432	0.8432	0.8432	0.8432	0.8432	0.8432	0.8432	0.8432	0.8432
0.8412	0.8412	0.8412	0.8412	0.8412	0.8412	0.8412	0.8412	0.8412	0.8412
0.8391	0.8391	0.8391	0.8391	0.8391	0.8391	0.8391	0.8391	0.8391	0.8391
0.8371	0.8371	0.8371	0.8371	0.8371	0.8371	0.8371	0.8371	0.8371	0.8371
0.8349	0.8349	0.8349	0.8349	0.8349	0.8349	0.8349	0.8349	0.8349	0.8349
0.8328	0.8328	0.8328	0.8328	0.8328	0.8328	0.8328	0.8328	0.8328	0.8328
0.8306	0.8306	0.8306	0.8306	0.8306	0.8306	0.8306	0.8306	0.8306	0.8306
0.8283	0.8283	0.8283	0.8283	0.8283	0.8283	0.8283	0.8283	0.8283	0.8283
0.826	0.826	0.826	0.826	0.826	0.826	0.826	0.826	0.826	0.826
0.8237	0.8237	0.8237	0.8237	0.8237	0.8237	0.8237	0.8237	0.8237	0.8237
0.8214	0.8214	0.8214	0.8214	0.8214	0.8214	0.8214	0.8214	0.8214	0.8214
0.819	0.819	0.819	0.819	0.819	0.819	0.819	0.819	0.819	0.819
0.8166	0.8166	0.8166	0.8166	0.8166	0.8166	0.8166	0.8166	0.8166	0.8166
0.8141	0.8141	0.8141	0.8141	0.8141	0.8141	0.8141	0.8141	0.8141	0.8141
0.8117	0.8117	0.8117	0.8117	0.8117	0.8117	0.8117	0.8117	0.8117	0.8117
0.8092	0.8092	0.8092	0.8092	0.8092	0.8092	0.8092	0.8092	0.8092	0.8092
0.8067	0.8067	0.8067	0.8067	0.8067	0.8067	0.8067	0.8067	0.8067	0.8067
0.8041	0.8041	0.8041	0.8041	0.8041	0.8041	0.8041	0.8041	0.8041	0.8041
0.8015	0.8015	0.8015	0.8015	0.8015	0.8015	0.8015	0.8015	0.8015	0.8015
0.7989	0.7989	0.7989	0.7989	0.7989	0.7989	0.7989	0.7989	0.7989	0.7989
0.7963	0.7963	0.7963	0.7963	0.7963	0.7963	0.7963	0.7963	0.7963	0.7963
0.7937	0.7937	0.7937	0.7937	0.7937	0.7937	0.7937	0.7937	0.7937	0.7937
0.791	0.791	0.791	0.791	0.791	0.791	0.791	0.791	0.791	0.791
0.7883	0.7883	0.7883	0.7883	0.7883	0.7883	0.7883	0.7883	0.7883	0.7883
0.7857	0.7857	0.7857	0.7857	0.7857	0.7857	0.7857	0.7857	0.7857	0.7857
0.7829	0.7829	0.7829	0.7829	0.7829	0.7829	0.7829	0.7829	0.7829	0.7829
0.7802	0.7802	0.7802	0.7802	0.7802	0.7802	0.7802	0.7802	0.7802	0.7802
0.7775	0.7775	0.7775	0.7775	0.7775	0.7775	0.7775	0.7775	0.7775	0.7775
0.7747	0.7747	0.7747	0.7747	0.7747	0.7747	0.7747	0.7747	0.7747	0.7747
0.772	0.772	0.772	0.772	0.772	0.772	0.772	0.772	0.772	0.772
0.7692	0.7692	0.7692	0.7692	0.7692	0.7692	0.7692	0.7692	0.7692	0.7692
0.7664	0.7664	0.7664	0.7664	0.7664	0.7664	0.7664	0.7664	0.7664	0.7664
0.7636	0.7636	0.7636	0.7636	0.7636	0.7636	0.7636	0.7636	0.7636	0.7636
0.7608	0.7608	0.7608	0.7608	0.7608	0.7608	0.7608	0.7608	0.7608	0.7608
0.758	0.758	0.758	0.758	0.758	0.758	0.758	0.758	0.758	0.758
0.7552	0.7552	0.7552	0.7552	0.7552	0.7552	0.7552	0.7552	0.7552	0.7552
0.7524	0.7524	0.7524	0.7524	0.7524	0.7524	0.7524	0.7524	0.7524	0.7524
0.7496	0.7496	0.7496	0.7496	0.7496	0.7496	0.7496	0.7496	0.7496	0.7496
0.7467	0.7467	0.7467	0.7467	0.7467	0.7467	0.7467	0.7467	0.7467	0.7467
0.7439	0.7439	0.7439	0.7439	0.7439	0.7439	0.7439	0.7439	0.7439	0.7439
0.7411	0.7411	0.7411	0.7411	0.7411	0.7411	0.7411	0.7411	0.7411	0.7411
0.7383	0.7383	0.7383	0.7383	0.7383	0.7383	0.7383	0.7383	0.7383	0.7383
0.7354	0.7354	0.7354	0.7354	0.7354	0.7354	0.7354	0.7354	0.7354	0.7354
0.7326	0.7326	0.7326	0.7326	0.7326	0.7326	0.7326	0.7326	0.7326	0.7326
0.7298	0.7298	0.7298	0.7298	0.7298	0.7298	0.7298	0.7298	0.7298	0.7298
0.727	0.727	0.727	0.727	0.727	0.727	0.727	0.727	0.727	0.727
0.7242	0.7242	0.7242	0.7242	0.7242	0.7242	0.7242	0.7242	0.7242	0.7242
0.7214	0.7214	0.7214	0.7214	0.7214	0.7214	0.7214	0.7214	0.7214	0.7214
0.7186	0.7186	0.7186	0.7186	0.7186	0.7186	0.7186	0.7186	0.7186	0.7186
0.7158	0.7158	0.7158	0.7158	0.7158	0.7158	0.7158	0.7158	0.7158	0.7158
0.713	0.713	0.713	0.713	0.713	0.713	0.713	0.713	0.713	0.713
0.7102	0.7102	0.7102	0.7102	0.7102	0.7102	0.7102	0.7102	0.7102	0.7102
0.7074	0.7074	0.7074	0.7074	0.7074	0.7074	0.7074	0.7074	0.7074	0.7074
0.7047	0.7047	0.7047	0.7047	0.7047	0.7047	0.7047	0.7047	0.7047	0.7047
0.7019	0.7019	0.7019	0.7019	0.7019	0.7019	0.7019	0.7019	0.7019	0.7019
0.6992	0.6992	0.6992	0.6992	0.6992	0.6992	0.6992	0.6992	0.6992	0.6992
0.6965	0.6965	0.6965	0.6965	0.6965	0.6965	0.6965	0.6965	0.6965	0.6965
0.6938	0.6938	0.6938	0.6938	0.6938	0.6938	0.6938	0.6938	0.6938	0.6938
0.6911	0.6911	0.6911	0.6911	0.6911	0.6911	0.6911	0.6911	0.6911	0.6911
0.6884	0.6884	0.6884	0.6884	0.6884	0.6884	0.6884	0.6884	0.6884	0.6884
0.6858	0.6858	0.6858	0.6858	0.6858	0.6858	0.6858	0.6858	0.6858	0.6858
0.6831	0.6831	0.6831	0.6831	0.6831	0.6831	0.6831	0.6831	0.6831	0.6831
0.6805	0.6805	0.6805	0.6805	0.6805	0.6805	0.6805	0.6805	0.6805	0.6805
0.6779	0.6779	0.6779	0.6779	0.6779	0.6779	0.6779	0.6779	0.6779	0.6779
0.6753	0.6753	0.6753	0.6753	0.6753	0.6753	0.6753	0.6753	0.6753	0.6753
0.6727	0.6727	0.6727	0.6727	0.6727	0.6727	0.6727	0.6727	0.6727	0.6727
0.6702	0.6702	0.6702	0.6702	0.6702	0.6702	0.6702	0.6702	0.6702	0.6702
0.6677	0.6677	0.6677	0.6677	0.6677	0.6677	0.6677	0.6677	0.6677	0.6677
0.6652	0.6652	0.6652	0.6652	0.6652	0.6652	0.6652	0.6652	0.6652	0.6652
0.6627	0.6627	0.6627	0.6627	0.6627	0.6627	0.6627	0.6627	0.6627	0.6627
0.6602	0.6602	0.6602	0.6602	0.6602	0.6602	0.6602	0.6602	0.6602	0.6602
0.6578	0.6578	0.6578	0.6578	0.6578	0.6578	0.6578	0.6578	0.6578	0.6578
0.6554	0.6554	0.6554	0.6554	0.6554	0.6554	0.6554	0.6554	0.6554	0.6554
0.653	0.653	0.653	0.653	0.653	0.653	0.653	0.653	0.653	0.653
0.6506	0.6506	0.6506	0.6506	0.6506	0.6506	0.6506	0.6506	0.6506	0.6506
0.6483	0.6483	0.6483	0.6483	0.6483	0.6483	0.6483	0.6483	0.6483	0.6483
0.646	0.646	0.646	0.646	0.646	0.646	0.646	0.646	0.646	0.646
0.6437	0.6437	0.6437	0.6437	0.6437	0.6437	0.6437	0.6437	0.6437	0.6437
0.6414	0.6414	0.6414	0.6414	0.6414	0.6414	0.6414	0.6414	0.6414	0.6414
0.6392	0.6392	0.6392	0.6392	0.6392	0.6392	0.6392	0.6392	0.6392	0.6392
0.637	0.637	0.637	0.637	0.637	0.637	0.637	0.637	0.637	0.637
0.6348	0.6348	0.6348	0.6348	0.6348	0.6348	0.6348	0.6348	0.6348	0.6348
0.6327	0.6327	0.6327	0.6327	0.6327	0.6327	0.6327	0.6327	0.6327	0.6327
0.6306	0.6306	0.6306	0.6306	0.6306	0.6306	0.6306	0.6306	0.6306	0.6306
0.6285	0.6285	0.6285	0.6285	0.6285	0.6285	0.6285	0.6285	0.6285	0.6285
0.6265	0.6265	0.6265	0.6265	0.6265	0.6265	0.6265	0.6265	0.6265	0.6265
0.6244	0.6244	0.6244	0.6244	0.6244	0.6244	0.6244	0.6244	0.6244	0.6244
0.6224	0.6224	0.6224	0.6224	0.6224	0.6224	0.6224	0.6224	0.6224	0.6224
0.6205	0.6205	0.6205	0.6205	0.6205	0.6205	0.6205	0.6205	0.6205	0.6205
0.6186	0.6186	0.6186	0.6186	0.6186	0.6186	0.6186	0.6186	0.6186	0.6186
0.6167	0.6167	0.6167	0.6167	0.6167	0.6167	0.6167	0.6167	0.6167	0.6167
0.6148	0.6148	0.6148	0.6148	0.6148	0.6148	0.6148	0.6148	0.6148	0.6148
0.613	0.613	0.613	0.613	0.613	0.613	0.613	0.613	0.613	0.613
0.6112	0.6112	0.6112	0.6112	0.6112	0.6112	0.6112	0.6112	0.6112	0.6112
0.6095	0.6095	0.6095	0.6095	0.6095	0.6095	0.6095	0.6095	0.6095	0.6095
0.6078	0.6078	0.6078	0.6078	0.6078	0.6078	0.6078	0.6078	0.6078	0.6078
0.6061	0.6061	0.6061	0.6061	0.6061	0.6061	0.6061	0.6061	0.6061	0.6061
0.6045	0.6045	0.6045	0.6045	0.6045	0.6045	0.6045	0.6045	0.6045	0.6045
0.6028	0.6028	0.6028	0.6028	0.6028	0.6028	0.6028	0.6028	0.6028	0.6028
0.6013	0.6013	0.6013	0.6013	0.6013	0.6013	0.6013	0.6013	0.6013	0.6013
0.5997	0.5997	0.5997	0.5997	0.5997	0.5997	0.5997	0.5997	0.5997	0.5997
0.5983	0.5983	0.5983	0.5983	0.5983	0.5983	0.5983	0.5983	0.5983	0.5983
0.5968	0.5968	0.5968	0.5968	0.5968	0.5968	0.5968	0.5968	0.5968	0.5968
0.5954	0.5954	0.5954	0.5954	0.5954	0.5954	0.5954	0.5954	0.5954	0.5954
0.594	0.594	0.594	0.594	0.594	0.594	0.594	0.594	0.594	0.594
0.5927	0.5927	0.5927	0.5927	0.5927	0.5927	0.5927	0.5927	0.5927	0.5927
0.5914	0.5914	0.5914	0.5914	0.5914	0.5914	0.5914	0.5914	0.5914	0.5914
0.5901	0.5901	0.5901	0.5901	0.5901	0.5901	0.5901	0.5901	0.5901	0.5901
0.5889	0.5889	0.5889	0.5889	0.5889	0.5889	0.5889	0.5889	0.5889	0.5889
0.5877	0.5877	0.5877	0.5877	0.5877	0.5877	0.5877	0.5877	0.5877	0.5877
0.5865	0.5865	0.5865	0.5865	0.5865	0.5865	0.5865	0.5865	0.5865	0.5865
0.5854	0.5854	0.5854	0.5854	0.5854	0.5854	0.5854	0.5854	0.5854	0.5854
0.5844	0.5844	0.5844	0.5844	0.5844	0.5844	0.5844	0.5844	0.5844	0.5844
0.5833	0.5833	0.5833	0.5833	0.5833	0.5833	0.5833	0.5833	0.5833	0.5833
0.5824	0.5824	0.5824	0.5824	0.5824	0.5824	0.5824	0.5824	0.5824	0.5824
0.5814	0.5814	0.5814	0.5814	0.5814	0.5814	0.5814	0.5814	0.5814	0.5814
0.5805	0.5805	0.5805	0.5805	0.5805	0.5805	0.5805	0.5805	0.5805	0.5805
0.5796	0.5796	0.5796	0.5796	0.5796	0.5796	0.5796	0.5796	0.5796	0.5796
0.5788	0.5788	0.5788	0.5788	0.5788	0.5788	0.5788	0.5788	0.5788	0.5788
0.578	0.578	0.578	0.578	0.578	0.578	0.578	0.578	0.578	0.578
0.5773	0.5773	0.5773	0.5773	0.5773	0.5773	0.5773	0.5773	0.5773	0.5773
0.5766	0.5766	0.5766	0.5766	0.5766	0.5766	0.5766	0.5766	0.5766	0.5766
0.576	0.576	0.576	0.576	0.576	0.576	0.576	0.576	0.576	0.576
0.5753	0.5753	0.5753	0.5753	0.5753	0.5753	0.5753	0.5753	0.5753	0.5753
0.5748	0.5748	0.5748	0.5748	0.5748	0.5748	0.5748	0.5748	0.5748	0.5748
0.5742	0.5742	0.5742	0.5742	0.5742	0.5742	0.5742	0.5742	0.5742	0.5742
0.5737	0.5737	0.5737	0.5737	0.5737	0.5737	0.5737	0.5737	0.5737	0.5737
0.5733	0.5733	0.5733	0.5733	0.5733	0.5733	0.5733	0.5733	0.5733	0.5733
0.5729	0.5729	0.5729	0.5729	0.5729	0.5729	0.5729	0.5729	0.5729	0.5729
0.5725	0.5725	0.5725	0.5725	0.5725	0.5725	0.5725	0.5725	0.5725	0.5725
0.5722	0.5722	0.5722	0.5722	0.5722	0.5722	0.5722	0.5722	0.5722	0.5722
0.5719	0.5719	0.5719	0.5719	0.5719	0.5719	0.5719	0.5719	0.5719	0.5719
0.5717	0.5717	0.5717	0.5717	0.5717	0.5717	0.5717	0.5717	0.5717	0.5717
0.5715	0.5715	0.5715	0.5715	0.5715	0.5715	0.5715	0.5715	0.5715	0.5715
0.5714	0.5714	0.5714	0.5714	0.5714	0.5714	0.5714	0.5714	0.5714	0.5714
0.5712	0.5712	0.5712	0.5712	0.5712	0.5712	0.5712	0.5712	0.5712	0.5712
0.5712	0.5712	0.5712	0.5712	0.5712	0.5712	0.5712	0.5712	0.5712	0.5712
0.5711	0.5711	0.5711	0.5711	0.5711	0.5711	0.5711	0.5711	0.5711	0.5711
0.5712	0.5712	0.5712	0.5712	0.5712	0.5712	0.5712	0.5712	0.5712	0.5712
0.5712	0.5712	0.5712	0.5712	0.5712	0.5712	0.5712	0.5712	0.5712	0.5712
0.5713	0.5713	0.5713	0.5713	0.5713	0.5713	0.5713	0.5713	0.5713	0.5713
0.5714	0.5714	0.5714	0.5714	0.5714	0.5714	0.5714	0.5714	0.5714	0.5714
0.5716	0.5716	0.5716	0.5716	0.5716	0.5716	0.5716	0.5716	0.5716	0.5716
0.5718	0.5718	0.5718	0.5718	0.5718	0.5718	0.5718	0.5718	0.5718	0.5718
0.5721	0.5721	0.5721	0.5721	0.5721	0.5721	0.5721	0.5721	0.5721	0.5721
0.5724	0.5724	0.5724	0.5724	0.5724	0.5724	0.5724	0.5724	0.5724	0.5724
0.5728	0.5728	0.5728	0.5728	0.5728	0.5728	0.5728	0.5728	0.5728	0.5728
0.5731	0.5731	0.5731	0.5731	0.5731	0.5731	0.5731	0.5731	0.5731	0.5731
0.5736	0.5736	0.5736	0.5736	0.5736	0.5736	0.5736	0.5736	0.5736	0.5736
0.574	0.574	0.574	0.574	0.574	0.574	0.574	0.574	0.574	0.574
0.5745	0.5745	0.5745	0.5745	0.5745	0.5745	0.5745	0.5745	0.5745	0.5745
0.5751	0.5751	0.5751	0.5751	0.5751	0.5751	0.5751	0.5751	0.5751	0.5751
0.5757	0.5757	0.5757	0.5757	0.5757	0.5757	0.5757	0.5757	0.5757	0.5757
0.5763	0.5763	0.5763	0.5763	0.5763	0.5763	0.5763	0.5763	0.5763	0.5763
0.577	0.577	0.577	0.577	0.577	0.577	0.577	0.577	0.577	0.577
0.5777	0.5777	0.5777	0.5777	0.5777	0.5777	0.5777	0.5777	0.5777	0.5777
0.5784	0.5784	0.5784	0.5784	0.5784	0.5784	0.5784	0.5784	0.5784	0.5784
0.5792	0.5792	0.5792	0.5792	0.5792	0.5792	0.5792	0.5792	0.5792	0.5792
0.58	0.58	0.58	0.58	0.58	0.58	0.58	0.58	0.58	0.58
0.5808	0.5808	0.5808	0.5808	0.5808	0.5808	0.5808	0.5808	0.5808	0.5808
0.5817	0.5817	0.5817	0.5817	0.5817	0.5817	0.5817	0.5817	0.5817	0.5817
0.5827	0.5827	0.5827	0.5827	0.5827	0.5827	0.5827	0.5827	0.5827	0.5827
0.5836	0.5836	0.5836	0.5836	0.5836	0.5836	0.5836	0.5836	0.5836	0.5836
0.5846	0.5846	0.5846	0.5846	0.5846	0.5846	0.5846	0.5846	0.5846	0.5846
0.5857	0.5857	0.5857	0.5857	0.5857	0.5857	0.5857	0.5857	0.5857	0.5857
0.5867	0.5867	0.5867	0.5867	0.5867	0.5867	0.5867	0.5867	0.5867	0.5867
0.5879	0.5879	0.5879	0.5879	0.5879	0.5879	0.5879	0.5879	0.5879	0.5879
0.589	0.589	0.589	0.589	0.589	0.589	0.589	0.589	0.589	0.589
0.5902	0.5902	0.5902	0.5902	0.5902	0.5902	0.5902	0.5902	0.5902	0.5902
0.5914	0.5914	0.5914	0.5914	0.5914	0.5914	0.5914	0.5914	0.5914	0.5914
0.5926	0.5926	0.5926	0.5926	0.5926	0.5926	0.5926	0.5926	0.5926	0.5926
0.5939	0.5939	0.5939	0.5939	0.5939	0.5939	0.5939	0.5939	0.5939	0.5939
0.5952	0.5952	0.5952	0.5952	0.5952	0.5952	0.5952	0.5952	0.5952	0.5952
0.5966	0.5966	0.5966	0.5966	0.5966	0.5966	0.5966	0.5966	0.5966	0.5966
0.598	0.598	0.598	0.598	0.598	0.598	0.598	0.598	0.598	0.598
0.5994	0.5994	0.5994	0.5994	0.5994	0.5994	0.5994	0.5994	0.5994	0.5994
0.6008	0.6008	0.6008	0.6008	0.6008	0.6008	0.6008	0.6008	0.6008	0.6008
0.6023	0.6023	0.6023	0.6023	0.6023	0.6023	0.6023	0.6023	0.6023	0.6023
0.6038	0.6038	0.6038	0.6038	0.6038	0.6038	0.6038	0.6038	0.6038	0.6038
0.6053	0.6053	0.6053	0.6053	0.6053	0.6053	0.6053	0.6053	0.6053	0.6053
0.6069	0.6069	0.6069	0.6069	0.6069	0.6069	0.6069	0.6069	0.6069	0.6069
0.6085	0.6085	0.6085	0.6085	0.6085	0.6085	0.6085	0.6085	0.6085	0.6085
0.6101	0.6101	0.6101	0.6101	0.6101	0.6101	0.6101	0.6101	0.6101	0.6101
0.6117	0.6117	0.6117	0.6117	0.6117	0.6117	0.6117	0.6117	0.6117	0.6117
0.6134	0.6134	0.6134	0.6134	0.6134	0.6134	0.6134	0.6134	0.6134	0.6134
0.6151	0.6151	0.6151	0.6151	0.6151	0.6151	0.6151	0.6151	0.6151	0.6151
0.6168	0.6168	0.6168	0.6168	0.6168	0.6168	0.6168	0.6168	0.6168	0.6168
0.6186	0.6186	0.6186	0.6186	0.6186	0.6186	0.6186	0.6186	0.6186	0.6186
0.6204	0.6204	0.6204	0.6204	0.6204	0.6204	0.6204	0.6204	0.6204	0.6204
0.6222	0.6222	0.6222	0.6222	0.6222	0.6222	0.6222	0.6222	0.6222	0.6222
0.624	0.624	0.624	0.624	0.624	0.624	0.624	0.624	0.624	0.624
0.6258	0.6258	0.6258	0.6258	0.6258	0.6258	0.6258	0.6258	0.6258	0.6258
0.6277	0.6277	0.6277	0.6277	0.6277	0.6277	0.6277	0.6277	0.6277	0.6277
0.6296	0.6296	0.6296	0.6296	0.6296	0.6296	0.6296	0.6296	0.6296	0.6296
0.6315	0.6315	0.6315	0.6315	0.6315	0.6315	0.6315	0.6315	0.6315	0.6315
0.6335	0.6335	0.6335	0.6335	0.6335	0.6335	0.6335	0.6335	0.6335	0.6335
0.6354	0.6354	0.6354	0.6354	0.6354	0.6354	0.6354	0.6354	0.6354	0.6354
0.6374	0.6374	0.6374	0.6374	0.6374	0.6374	0.6374	0.6374	0.6374	0.6374
0.6394	0.6394	0.6394	0.6394	0.6394	0.6394	0.6394	0.6394	0.6394	0.6394
0.6414	0.6414	0.6414	0.6414	0.6414	0.6414	0.6414	0.6414	0.6414	0.6414
0.6434	0.6434	0.6434	0.6434	0.6434	0.6434	0.6434	0.6434	0.6434	0.6434
0.6454	0.6454	0.6454	0.6454	0.6454	0.6454	0.6454	0.6454	0.6454	0.6454
0.6475	0.6475	0.6475	0.6475	0.6475	0.6475	0.6475	0.6475	0.6475	0.6475
0.6496	0.6496	0.6496	0.6496	0.6496	0.6496	0.6496	0.6496	0.6496	0.6496
0.6517	0.6517	0.6517	0.6517	0.6517	0.6517	0.6517	0.6517	0.6517	0.6517
0.6538	0.6538	0.6538	0.6538	0.6538	0.6538	0.6538	0.6538	0.6538	0.6538
0.6559	0.6559	0.6559	0.6559	0.6559	0.6559	0.6559	0.6559	0.6559	0.6559
0.658	0.658	0.658	0.658	0.658	0.658	0.658	0.658	0.658	0.658
0.6601	0.6601	0.6601	0.6601	0.6601	0.6601	0.6601	0.6601	0.6601	0.6601
0.6623	0.6623	0.6623	0.6623	0.6623	0.6623	0.6623	0.6623	0.6623	0.6623
0.6644	0.6644	0.6644	0.6644	0.6644	0.6644	0.6644	0.6644	0.6644	0.6644
0.6666	0.6666	0.6666	0.6666	0.6666	0.6666	0.6666	0.6666	0.6666	0.6666
0.6687	0.6687	0.6687	0.6687	0.6687	0.6687	0.6687	0.6687	0.6687	0.6687
0.6709	0.6709	0.6709	0.6709	0.6709	0.6709	0.6709	0.6709	0.6709	0.6709
0.6731	0.6731	0.6731	0.6731	0.6731	0.6731	0.6731	0.6731	0.6731	0.6731
0.6753	0.6753	0.6753	0.6753	0.6753	0.6753	0.6753	0.6753	0.6753	0.6753
0.6775	0.6775	0.6775	0.6775	0.6775	0.6775	0.6775	0.6775	0.6775	0.6775
0.6797	0.6797	0.6797	0.6797	0.6797	0.6797	0.6797	0.6797	0.6797	0.6797
0.6819	0.6819	0.6819	0.6819	0.6819	0.6819	0.6819	0.6819	0.6819	0.6819
0.6841	0.6841	0.6841	0.6841	0.6841	0.6841	0.6841	0.6841	0.6841	0.6841
0.6863	0.6863	0.6863	0.6863	0.6863	0.6863	0.6863	0.6863	0.6863	0.6863
0.6885	0.6885	0.6885	0.6885	0.6885	0.6885	0.6885	0.6885	0.6885	0.6885
0.6907	0.6907	0.6907	0.6907	0.6907	0.6907	0.6907	0.6907	0.6907	0.6907
0.6929	0.6929	0.6929	0.6929	0.6929	0.6929	0.6929	0.6929	0.6929	0.6929
0.695	0.695	0.695	0.695	0.695	0.695	0.695	0.695	0.695	0.695
0.6972	0.6972	0.6972	0.6972	0.6972	0.6972	0.6972	0.6972	0.6972	0.6972
0.6994	0.6994	0.6994	0.6994	0.6994	0.6994	0.6994	0.6994	0.6994	0.6994
0.7016	0.7016	0.7016	0.7016	0.7016	0.7016	0.7016	0.7016	0.7016	0.7016
0.7037	0.7037	0.7037	0.7037	0.7037	0.7037	0.7037	0.7037	0.7037	0.7037
0.7059	0.7059	0.7059	0.7059	0.7059	0.7059	0.7059	0.7059	0.7059	0.7059
0.7081	0.7081	0.7081	0.7081	0.7081	0.7081	0.7081	0.7081	0.7081	0.7081
0.7102	0.7102	0.7102	0.7102	0.7102	0.7102	0.7102	0.7102	0.7102	0.7102
0.7123	0.7123	0.7123	0.7123	0.7123	0.7123	0.7123	0.7123	0.7123	0.7123
0.7144	0.7144	0.7144	0.7144	0.7144	0.7144	0.7144	0.7144	0.7144	0.7144
0.7165	0.7165	0.7165	0.7165	0.7165	0.7165	0.7165	0.7165	0.7165	0.7165
0.7186	0.7186	0.7186	0.7186	0.7186	0.7186	0.7186	0.7186	0.7186	0.7186
0.7207	0.7207	0.7207	0.7207	0.7207	0.7207	0.7207	0.7207	0.7207	0.7207
0.7227	0.7227	0.7227	0.7227	0.7227	0.7227	0.7227	0.7227	0.7227	0.7227
0.7248	0.7248	0.7248	0.7248	0.7248	0.7248	0.7248	0.7248	0.7248	0.7248
0.7268	0.7268	0.7268	0.7268	0.7268	0.7268	0.7268	0.7268	0.7268	0.7268
0.7288	0.7288	0.7288	0.7288	0.7288	0.7288	0.7288	0.7288	0.7288	0.7288
0.7308	0.7308	0.7308	0.7308	0.7308	0.7308	0.7308	0.7308	0.7308	0.7308
0.7327	0.7327	0.7327	0.7327	0.7327	0.7327	0.7327	0.7327	0.7327	0.7327
0.7346	0.7346	0.7346	0.7346	0.7346	0.7346	0.7346	0.7346	0.7346	0.7346
0.7366	0.7366	0.7366	0.7366	0.7366	0.7366	0.7366	0.7366	0.7366	0.7366
0.7384	0.7384	0.7384	0.7384	0.7384	0.7384	0.7384	0.7384	0.7384	0.7384
0.7403	0.7403	0.7403	0.7403	0.7403	0.7403	0.7403	0.7403	0.7403	0.7403
0.7421	0.7421	0.7421	0.7421	0.7421	0.7421	0.7421	0.7421	0.7421	0.7421
0.7439	0.7439	0.7439	0.7439	0.7439	0.7439	0.7439	0.7439	0.7439	0.7439
0.7457	0.7457	0.7457	0.7457	0.7457	0.7457	0.7457	0.7457	0.7457	0.7457
0.7474	0.7474	0.7474	0.7474	0.7474	0.7474	0.7474	0.7474	0.7474	0.7474
0.7491	0.7491	0.7491	0.7491	0.7491	0.7491	0.7491	0.7491	0.7491	0.7491
0.7507	0.7507	0.7507	0.7507	0.7507	0.7507	0.7507	0.7507	0.7507	0.7507
0.7524	0.7524	0.7524	0.7524	0.7524	0.7524	0.7524	0.7524	0.7524	0.7524
0.754	0.754	0.754	0.754	0.754	0.754	0.754	0.754	0.754	0.754
0.7555	0.7555	0.7555	0.7555	0.7555	0.7555	0.7555	0.7555	0.7555	0.7555
0.757	0.757	0.757	0.757	0.757	0.757	0.757	0.757	0.757	0.757
0.7585	0.7585	0.7585	0.7585	0.7585	0.7585	0.7585	0.7585	0.7585	0.7585
0.7599	0.7599	0.7599	0.7599	0.7599	0.7599	0.7599	0.7599	0.7599	0.7599
0.7613	0.7613	0.7613	0.7613	0.7613	0.7613	0.7613	0.7613	0.7613	0.7613
0.7626	0.7626	0.7626	0.7626	0.7626	0.7626	0.7626	0.7626	0.7626	0.7626
0.7639	0.7639	0.7639	0.7639	0.7639	0.7639	0.7639	0.7639	0.7639	0.7639
0.7652	0.7652	0.7652	0.7652	0.7652	0.7652	0.7652	0.7652	0.7652	0.7652
0.7664	0.7664	0.7664	0.7664	0.7664	0.7664	0.7664	0.7664	0.7664	0.7664
0.7675	0.7675	0.7675	0.7675	0.7675	0.7675	0.7675	0.7675	0.7675	0.7675
0.7686	0.7686	0.7686	0.7686	0.7686	0.7686	0.7686	0.7686	0.7686	0.7686
0.7696	0.7696	0.7696	0.7696	0.7696	0.7696	0.7696	0.7696	0.7696	0.7696
0.7706	0.7706	0.7706	0.7706	0.7706	0.7706	0.7706	0.7706	0.7706	0.7706
0.7716	0.7716	0.7716	0.7716	0.7716	0.7716	0.7716	0.7716	0.7716	0.7716
0.7724	0.7724	0.7724	0.7724	0.7724	0.7724	0.7724	0.7724	0.7724	0.7724
0.7732	0.7732	0.7732	0.7732	0.7732	0.7732	0.7732	0.7732	0.7732	0.7732
0.774	0.774	0.774	0.774	0.774	0.774	0.774	0.774	0.774	0.774
0.7747	0.7747	0.7747	0.7747	0.7747	0.7747	0.7747	0.7747	0.7747	0.7747
0.7753	0.7753	0.7753	0.7753	0.7753	0.7753	0.7753	0.7753	0.7753	0.7753
0.7759	0.7759	0.7759	0.7759	0.7759	0.7759	0.7759	0.7759	0.7759	0.7759
0.7764	0.7764	0.7764	0.7764	0.7764	0.7764	0.7764	0.7764	0.7764	0.7764
0.7768	0.7768	0.7768	0.7768	0.7768	0.7768	0.7768	0.7768	0.7768	0.7768
0.7771	0.7771	0.7771	0.7771	0.7771	0.7771	0.7771	0.7771	0.7771	0.7771
0.7774	0.7774	0.7774	0.7774	0.7774	0.7774	0.7774	0.7774	0.7774	0.7774
0.7776	0.7776	0.7776	0.7776	0.7776	0.7776	0.7776	0.7776	0.7776	0.7776
0.7778	0.7778	0.7778	0.7778	0.7778	0.7778	0.7778	0.7778	0.7778	0.7778
0.7778	0.7778	0.7778	0.7778	0.7778	0.7778	0.7778	0.7778	0.7778	0.7778
0.7778	0.7778	0.7778	0.7778	0.7778	0.7778	0.7778	0.7778	0.7778	0.7778
0.7777	0.7777	0.7777	0.7777	0.7777	0.7777	0.7777	0.7777	0.7777	0.7777
0.7776	0.7776	0.7776	0.7776	0.7776	0.7776	0.7776	0.7776	0.7776	0.7776
0.7773	0.7773	0.7773	0.7773	0.7773	0.7773	0.7773	0.7773	0.7773	0.7773
0.777	0.777	0.777	0.777	0.777	0.777	0.777	0.777	0.777	0.777
0.7765	0.7765	0.7765	0.7765	0.7765	0.7765	0.7765	0.7765	0.7765	0.7765
0.776	0.776	0.776	0.776	0.776	0.776	0.776	0.776	0.776	0.776
0.7754	0.7754	0.7754	0.7754	0.7754	0.7754	0.7754	0.7754	0.7754	0.7754
0.7747	0.7747	0.7747	0.7747	0.7747	0.7747	0.7747	0.7747	0.7747	0.7747
0.774	0.774	0.774	0.774	0.774	0.774	0.774	0.774	0.774	0.774
0.7731	0.7731	0.7731	0.7731	0.7731	0.7731	0.7731	0.7731	0.7731	0.7731
0.7721	0.7721	0.7721	0.7721	0.7721	0.7721	0.7721	0.7721	0.7721	0.7721
0.7711	0.7711	0.7711	0.7711	0.7711	0.7711	0.7711	0.7711	0.7711	0.7711
0.7699	0.7699	0.7699	0.7699	0.7699	0.7699	0.7699	0.7699	0.7699	0.7699
0.7686	0.7686	0.7686	0.7686	0.7686	0.7686	0.7686	0.7686	0.7686	0.7686
0.7673	0.7673	0.7673	0.7673	0.7673	0.7673	0.7673	0.7673	0.7673	0.7673
0.7658	0.7658	0.7658	0.7658	0.7658	0.7658	0.7658	0.7658	0.7658	0.7658
0.7642	0.7642	0.7642	0.7642	0.7642	0.7642	0.7642	0.7642	0.7642	0.7642
0.7625	0.7625	0.7625	0.7625	0.7625	0.7625	0.7625	0.7625	0.7625	0.7625
0.7607	0.7607	0.7607	0.7607	0.7607	0.7607	0.7607	0.7607	0.7607	0.7607
0.7588	0.7588	0.7588	0.7588	0.7588	0.7588	0.7588	0.7588	0.7588	0.7588
0.7568	0.7568	0.7568	0.7568	0.7568	0.7568	0.7568	0.7568	0.7568	0.7568
0.7547	0.7547	0.7547	0.7547	0.7547	0.7547	0.7547	0.7547	0.7547	0.7547
0.7524	0.7524	0.7524	0.7524	0.7524	0.7524	0.7524	0.7524	0.7524	0.7524
0.7501	0.7501	0.7501	0.7501	0.7501	0.7501	0.7501	0.7501	0.7501	0.7501
0.7476	0.7476	0.7476	0.7476	0.7476	0.7476	0.7476	0.7476	0.7476	0.7476
0.745	0.745	0.745	0.745	0.745	0.745	0.745	0.745	0.745	0.745
0.7423	0.7423	0.7423	0.7423	0.7423	0.7423	0.7423	0.7423	0.7423	0.7423
0.7394	0.7394	0.7394	0.7394	0.7394	0.7394	0.7394	0.7394	0.7394	0.7394
0.7364	0.7364	0.7364	0.7364	0.7364	0.7364	0.7364	0.7364	0.7364	0.7364
0.7333	0.7333	0.7333	0.7333	0.7333	0.7333	0.7333	0.7333	0.7333	0.7333
0.7301	0.7301	0.7301	0.7301	0.7301	0.7301	0.7301	0.7301	0.7301	0.7301
0.7267	0.7267	0.7267	0.7267	0.7267	0.7267	0.7267	0.7267	0.7267	0.7267
