# Daily average incoming SW radiation (W.m-2)
365
1 2 3 4 5 6 7 8 9 10 11 12 13 14 15 16 17 18 19 20 21 22 23 24 25 26 27 28 29 30 31 32 33 34 35 36 37 38 39 40 41 42 43 44 45 46 47 48 49 50 51 52 53 54 55 56 57 58 59 60 61 62 63 64 65 66 67 68 69 70 71 72 73 74 75 76 77 78 79 80 81 82 83 84 85 86 87 88 89 90 91 92 93 94 95 96 97 98 99 100 101 102 103 104 105 106 107 108 109 110 111 112 113 114 115 116 117 118 119 120 121 122 123 124 125 126 127 128 129 130 131 132 133 134 135 136 137 138 139 140 141 142 143 144 145 146 147 148 149 150 151 152 153 154 155 156 157 158 159 160 161 162 163 164 165 166 167 168 169 170 171 172 173 174 175 176 177 178 179 180 181 182 183 184 185 186 187 188 189 190 191 192 193 194 195 196 197 198 199 200 201 202 203 204 205 206 207 208 209 210 211 212 213 214 215 216 217 218 219 220 221 222 223 224 225 226 227 228 229 230 231 232 233 234 235 236 237 238 239 240 241 242 243 244 245 246 247 248 249 250 251 252 253 254 255 256 257 258 259 260 261 262 263 264 265 266 267 268 269 270 271 272 273 274 275 276 277 278 279 280 281 282 283 284 285 286 287 288 289 290 291 292 293 294 295 296 297 298 299 300 301 302 303 304 305 306 307 308 309 310 311 312 313 314 315 316 317 318 319 320 321 322 323 324 325 326 327 328 329 330 331 332 333 334 335 336 337 338 339 340 341 342 343 344 345 346 347 348 349 350 351 352 353 354 355 356 357 358 359 360 361 362 363 364 365 
10 
1 2 3 4 5 6 7 8 9 10 
71.52	71.52	71.52	71.52	71.52	71.52	71.52	71.52	71.52	71.52
71.14	71.14	71.14	71.14	71.14	71.14	71.14	71.14	71.14	71.14
70.84	70.84	70.84	70.84	70.84	70.84	70.84	70.84	70.84	70.84
70.64	70.64	70.64	70.64	70.64	70.64	70.64	70.64	70.64	70.64
70.53	70.53	70.53	70.53	70.53	70.53	70.53	70.53	70.53	70.53
70.5	70.5	70.5	70.5	70.5	70.5	70.5	70.5	70.5	70.5
70.56	70.56	70.56	70.56	70.56	70.56	70.56	70.56	70.56	70.56
70.7	70.7	70.7	70.7	70.7	70.7	70.7	70.7	70.7	70.7
70.92	70.92	70.92	70.92	70.92	70.92	70.92	70.92	70.92	70.92
71.22	71.22	71.22	71.22	71.22	71.22	71.22	71.22	71.22	71.22
71.6	71.6	71.6	71.6	71.6	71.6	71.6	71.6	71.6	71.6
72.06	72.06	72.06	72.06	72.06	72.06	72.06	72.06	72.06	72.06
72.59	72.59	72.59	72.59	72.59	72.59	72.59	72.59	72.59	72.59
73.2	73.2	73.2	73.2	73.2	73.2	73.2	73.2	73.2	73.2
73.88	73.88	73.88	73.88	73.88	73.88	73.88	73.88	73.88	73.88
74.64	74.64	74.64	74.64	74.64	74.64	74.64	74.64	74.64	74.64
75.46	75.46	75.46	75.46	75.46	75.46	75.46	75.46	75.46	75.46
76.35	76.35	76.35	76.35	76.35	76.35	76.35	76.35	76.35	76.35
77.31	77.31	77.31	77.31	77.31	77.31	77.31	77.31	77.31	77.31
78.34	78.34	78.34	78.34	78.34	78.34	78.34	78.34	78.34	78.34
79.43	79.43	79.43	79.43	79.43	79.43	79.43	79.43	79.43	79.43
80.58	80.58	80.58	80.58	80.58	80.58	80.58	80.58	80.58	80.58
81.8	81.8	81.8	81.8	81.8	81.8	81.8	81.8	81.8	81.8
83.08	83.08	83.08	83.08	83.08	83.08	83.08	83.08	83.08	83.08
84.41	84.41	84.41	84.41	84.41	84.41	84.41	84.41	84.41	84.41
85.81	85.81	85.81	85.81	85.81	85.81	85.81	85.81	85.81	85.81
87.26	87.26	87.26	87.26	87.26	87.26	87.26	87.26	87.26	87.26
88.76	88.76	88.76	88.76	88.76	88.76	88.76	88.76	88.76	88.76
90.32	90.32	90.32	90.32	90.32	90.32	90.32	90.32	90.32	90.32
91.93	91.93	91.93	91.93	91.93	91.93	91.93	91.93	91.93	91.93
93.6	93.6	93.6	93.6	93.6	93.6	93.6	93.6	93.6	93.6
95.31	95.31	95.31	95.31	95.31	95.31	95.31	95.31	95.31	95.31
97.08	97.08	97.08	97.08	97.08	97.08	97.08	97.08	97.08	97.08
98.89	98.89	98.89	98.89	98.89	98.89	98.89	98.89	98.89	98.89
100.74	100.74	100.74	100.74	100.74	100.74	100.74	100.74	100.74	100.74
102.64	102.64	102.64	102.64	102.64	102.64	102.64	102.64	102.64	102.64
104.59	104.59	104.59	104.59	104.59	104.59	104.59	104.59	104.59	104.59
106.58	106.58	106.58	106.58	106.58	106.58	106.58	106.58	106.58	106.58
108.61	108.61	108.61	108.61	108.61	108.61	108.61	108.61	108.61	108.61
110.68	110.68	110.68	110.68	110.68	110.68	110.68	110.68	110.68	110.68
112.79	112.79	112.79	112.79	112.79	112.79	112.79	112.79	112.79	112.79
114.94	114.94	114.94	114.94	114.94	114.94	114.94	114.94	114.94	114.94
117.12	117.12	117.12	117.12	117.12	117.12	117.12	117.12	117.12	117.12
119.34	119.34	119.34	119.34	119.34	119.34	119.34	119.34	119.34	119.34
121.59	121.59	121.59	121.59	121.59	121.59	121.59	121.59	121.59	121.59
123.88	123.88	123.88	123.88	123.88	123.88	123.88	123.88	123.88	123.88
126.2	126.2	126.2	126.2	126.2	126.2	126.2	126.2	126.2	126.2
128.55	128.55	128.55	128.55	128.55	128.55	128.55	128.55	128.55	128.55
130.93	130.93	130.93	130.93	130.93	130.93	130.93	130.93	130.93	130.93
133.33	133.33	133.33	133.33	133.33	133.33	133.33	133.33	133.33	133.33
135.77	135.77	135.77	135.77	135.77	135.77	135.77	135.77	135.77	135.77
138.23	138.23	138.23	138.23	138.23	138.23	138.23	138.23	138.23	138.23
140.72	140.72	140.72	140.72	140.72	140.72	140.72	140.72	140.72	140.72
143.23	143.23	143.23	143.23	143.23	143.23	143.23	143.23	143.23	143.23
145.77	145.77	145.77	145.77	145.77	145.77	145.77	145.77	145.77	145.77
148.32	148.32	148.32	148.32	148.32	148.32	148.32	148.32	148.32	148.32
150.9	150.9	150.9	150.9	150.9	150.9	150.9	150.9	150.9	150.9
153.5	153.5	153.5	153.5	153.5	153.5	153.5	153.5	153.5	153.5
156.11	156.11	156.11	156.11	156.11	156.11	156.11	156.11	156.11	156.11
158.75	158.75	158.75	158.75	158.75	158.75	158.75	158.75	158.75	158.75
161.4	161.4	161.4	161.4	161.4	161.4	161.4	161.4	161.4	161.4
164.07	164.07	164.07	164.07	164.07	164.07	164.07	164.07	164.07	164.07
166.75	166.75	166.75	166.75	166.75	166.75	166.75	166.75	166.75	166.75
169.45	169.45	169.45	169.45	169.45	169.45	169.45	169.45	169.45	169.45
172.15	172.15	172.15	172.15	172.15	172.15	172.15	172.15	172.15	172.15
174.88	174.88	174.88	174.88	174.88	174.88	174.88	174.88	174.88	174.88
177.61	177.61	177.61	177.61	177.61	177.61	177.61	177.61	177.61	177.61
180.35	180.35	180.35	180.35	180.35	180.35	180.35	180.35	180.35	180.35
183.1	183.1	183.1	183.1	183.1	183.1	183.1	183.1	183.1	183.1
185.86	185.86	185.86	185.86	185.86	185.86	185.86	185.86	185.86	185.86
188.62	188.62	188.62	188.62	188.62	188.62	188.62	188.62	188.62	188.62
191.4	191.4	191.4	191.4	191.4	191.4	191.4	191.4	191.4	191.4
194.17	194.17	194.17	194.17	194.17	194.17	194.17	194.17	194.17	194.17
196.96	196.96	196.96	196.96	196.96	196.96	196.96	196.96	196.96	196.96
199.74	199.74	199.74	199.74	199.74	199.74	199.74	199.74	199.74	199.74
202.53	202.53	202.53	202.53	202.53	202.53	202.53	202.53	202.53	202.53
205.32	205.32	205.32	205.32	205.32	205.32	205.32	205.32	205.32	205.32
208.11	208.11	208.11	208.11	208.11	208.11	208.11	208.11	208.11	208.11
210.9	210.9	210.9	210.9	210.9	210.9	210.9	210.9	210.9	210.9
213.69	213.69	213.69	213.69	213.69	213.69	213.69	213.69	213.69	213.69
216.48	216.48	216.48	216.48	216.48	216.48	216.48	216.48	216.48	216.48
219.26	219.26	219.26	219.26	219.26	219.26	219.26	219.26	219.26	219.26
222.05	222.05	222.05	222.05	222.05	222.05	222.05	222.05	222.05	222.05
224.82	224.82	224.82	224.82	224.82	224.82	224.82	224.82	224.82	224.82
227.6	227.6	227.6	227.6	227.6	227.6	227.6	227.6	227.6	227.6
230.36	230.36	230.36	230.36	230.36	230.36	230.36	230.36	230.36	230.36
233.12	233.12	233.12	233.12	233.12	233.12	233.12	233.12	233.12	233.12
235.88	235.88	235.88	235.88	235.88	235.88	235.88	235.88	235.88	235.88
238.62	238.62	238.62	238.62	238.62	238.62	238.62	238.62	238.62	238.62
241.36	241.36	241.36	241.36	241.36	241.36	241.36	241.36	241.36	241.36
244.08	244.08	244.08	244.08	244.08	244.08	244.08	244.08	244.08	244.08
246.8	246.8	246.8	246.8	246.8	246.8	246.8	246.8	246.8	246.8
249.5	249.5	249.5	249.5	249.5	249.5	249.5	249.5	249.5	249.5
252.2	252.2	252.2	252.2	252.2	252.2	252.2	252.2	252.2	252.2
254.88	254.88	254.88	254.88	254.88	254.88	254.88	254.88	254.88	254.88
257.54	257.54	257.54	257.54	257.54	257.54	257.54	257.54	257.54	257.54
260.19	260.19	260.19	260.19	260.19	260.19	260.19	260.19	260.19	260.19
262.83	262.83	262.83	262.83	262.83	262.83	262.83	262.83	262.83	262.83
265.45	265.45	265.45	265.45	265.45	265.45	265.45	265.45	265.45	265.45
268.06	268.06	268.06	268.06	268.06	268.06	268.06	268.06	268.06	268.06
270.65	270.65	270.65	270.65	270.65	270.65	270.65	270.65	270.65	270.65
273.22	273.22	273.22	273.22	273.22	273.22	273.22	273.22	273.22	273.22
275.78	275.78	275.78	275.78	275.78	275.78	275.78	275.78	275.78	275.78
278.31	278.31	278.31	278.31	278.31	278.31	278.31	278.31	278.31	278.31
280.83	280.83	280.83	280.83	280.83	280.83	280.83	280.83	280.83	280.83
283.32	283.32	283.32	283.32	283.32	283.32	283.32	283.32	283.32	283.32
285.8	285.8	285.8	285.8	285.8	285.8	285.8	285.8	285.8	285.8
288.25	288.25	288.25	288.25	288.25	288.25	288.25	288.25	288.25	288.25
290.68	290.68	290.68	290.68	290.68	290.68	290.68	290.68	290.68	290.68
293.09	293.09	293.09	293.09	293.09	293.09	293.09	293.09	293.09	293.09
295.48	295.48	295.48	295.48	295.48	295.48	295.48	295.48	295.48	295.48
297.84	297.84	297.84	297.84	297.84	297.84	297.84	297.84	297.84	297.84
300.18	300.18	300.18	300.18	300.18	300.18	300.18	300.18	300.18	300.18
302.49	302.49	302.49	302.49	302.49	302.49	302.49	302.49	302.49	302.49
304.78	304.78	304.78	304.78	304.78	304.78	304.78	304.78	304.78	304.78
307.04	307.04	307.04	307.04	307.04	307.04	307.04	307.04	307.04	307.04
309.28	309.28	309.28	309.28	309.28	309.28	309.28	309.28	309.28	309.28
311.49	311.49	311.49	311.49	311.49	311.49	311.49	311.49	311.49	311.49
313.67	313.67	313.67	313.67	313.67	313.67	313.67	313.67	313.67	313.67
315.82	315.82	315.82	315.82	315.82	315.82	315.82	315.82	315.82	315.82
317.95	317.95	317.95	317.95	317.95	317.95	317.95	317.95	317.95	317.95
320.05	320.05	320.05	320.05	320.05	320.05	320.05	320.05	320.05	320.05
322.12	322.12	322.12	322.12	322.12	322.12	322.12	322.12	322.12	322.12
324.15	324.15	324.15	324.15	324.15	324.15	324.15	324.15	324.15	324.15
326.16	326.16	326.16	326.16	326.16	326.16	326.16	326.16	326.16	326.16
328.14	328.14	328.14	328.14	328.14	328.14	328.14	328.14	328.14	328.14
330.08	330.08	330.08	330.08	330.08	330.08	330.08	330.08	330.08	330.08
332	332	332	332	332	332	332	332	332	332
333.88	333.88	333.88	333.88	333.88	333.88	333.88	333.88	333.88	333.88
335.73	335.73	335.73	335.73	335.73	335.73	335.73	335.73	335.73	335.73
337.55	337.55	337.55	337.55	337.55	337.55	337.55	337.55	337.55	337.55
339.33	339.33	339.33	339.33	339.33	339.33	339.33	339.33	339.33	339.33
341.08	341.08	341.08	341.08	341.08	341.08	341.08	341.08	341.08	341.08
342.8	342.8	342.8	342.8	342.8	342.8	342.8	342.8	342.8	342.8
344.48	344.48	344.48	344.48	344.48	344.48	344.48	344.48	344.48	344.48
346.13	346.13	346.13	346.13	346.13	346.13	346.13	346.13	346.13	346.13
347.74	347.74	347.74	347.74	347.74	347.74	347.74	347.74	347.74	347.74
349.31	349.31	349.31	349.31	349.31	349.31	349.31	349.31	349.31	349.31
350.86	350.86	350.86	350.86	350.86	350.86	350.86	350.86	350.86	350.86
352.36	352.36	352.36	352.36	352.36	352.36	352.36	352.36	352.36	352.36
353.83	353.83	353.83	353.83	353.83	353.83	353.83	353.83	353.83	353.83
355.26	355.26	355.26	355.26	355.26	355.26	355.26	355.26	355.26	355.26
356.65	356.65	356.65	356.65	356.65	356.65	356.65	356.65	356.65	356.65
358.01	358.01	358.01	358.01	358.01	358.01	358.01	358.01	358.01	358.01
359.33	359.33	359.33	359.33	359.33	359.33	359.33	359.33	359.33	359.33
360.61	360.61	360.61	360.61	360.61	360.61	360.61	360.61	360.61	360.61
361.86	361.86	361.86	361.86	361.86	361.86	361.86	361.86	361.86	361.86
363.06	363.06	363.06	363.06	363.06	363.06	363.06	363.06	363.06	363.06
364.23	364.23	364.23	364.23	364.23	364.23	364.23	364.23	364.23	364.23
365.36	365.36	365.36	365.36	365.36	365.36	365.36	365.36	365.36	365.36
366.45	366.45	366.45	366.45	366.45	366.45	366.45	366.45	366.45	366.45
367.5	367.5	367.5	367.5	367.5	367.5	367.5	367.5	367.5	367.5
368.51	368.51	368.51	368.51	368.51	368.51	368.51	368.51	368.51	368.51
369.48	369.48	369.48	369.48	369.48	369.48	369.48	369.48	369.48	369.48
370.41	370.41	370.41	370.41	370.41	370.41	370.41	370.41	370.41	370.41
371.3	371.3	371.3	371.3	371.3	371.3	371.3	371.3	371.3	371.3
372.15	372.15	372.15	372.15	372.15	372.15	372.15	372.15	372.15	372.15
372.96	372.96	372.96	372.96	372.96	372.96	372.96	372.96	372.96	372.96
373.73	373.73	373.73	373.73	373.73	373.73	373.73	373.73	373.73	373.73
374.45	374.45	374.45	374.45	374.45	374.45	374.45	374.45	374.45	374.45
375.14	375.14	375.14	375.14	375.14	375.14	375.14	375.14	375.14	375.14
375.79	375.79	375.79	375.79	375.79	375.79	375.79	375.79	375.79	375.79
376.39	376.39	376.39	376.39	376.39	376.39	376.39	376.39	376.39	376.39
376.96	376.96	376.96	376.96	376.96	376.96	376.96	376.96	376.96	376.96
377.48	377.48	377.48	377.48	377.48	377.48	377.48	377.48	377.48	377.48
377.96	377.96	377.96	377.96	377.96	377.96	377.96	377.96	377.96	377.96
378.4	378.4	378.4	378.4	378.4	378.4	378.4	378.4	378.4	378.4
378.8	378.8	378.8	378.8	378.8	378.8	378.8	378.8	378.8	378.8
379.15	379.15	379.15	379.15	379.15	379.15	379.15	379.15	379.15	379.15
379.47	379.47	379.47	379.47	379.47	379.47	379.47	379.47	379.47	379.47
379.74	379.74	379.74	379.74	379.74	379.74	379.74	379.74	379.74	379.74
379.97	379.97	379.97	379.97	379.97	379.97	379.97	379.97	379.97	379.97
380.16	380.16	380.16	380.16	380.16	380.16	380.16	380.16	380.16	380.16
380.3	380.3	380.3	380.3	380.3	380.3	380.3	380.3	380.3	380.3
380.41	380.41	380.41	380.41	380.41	380.41	380.41	380.41	380.41	380.41
380.47	380.47	380.47	380.47	380.47	380.47	380.47	380.47	380.47	380.47
380.49	380.49	380.49	380.49	380.49	380.49	380.49	380.49	380.49	380.49
380.47	380.47	380.47	380.47	380.47	380.47	380.47	380.47	380.47	380.47
380.41	380.41	380.41	380.41	380.41	380.41	380.41	380.41	380.41	380.41
380.3	380.3	380.3	380.3	380.3	380.3	380.3	380.3	380.3	380.3
380.16	380.16	380.16	380.16	380.16	380.16	380.16	380.16	380.16	380.16
379.97	379.97	379.97	379.97	379.97	379.97	379.97	379.97	379.97	379.97
379.74	379.74	379.74	379.74	379.74	379.74	379.74	379.74	379.74	379.74
379.46	379.46	379.46	379.46	379.46	379.46	379.46	379.46	379.46	379.46
379.15	379.15	379.15	379.15	379.15	379.15	379.15	379.15	379.15	379.15
378.79	378.79	378.79	378.79	378.79	378.79	378.79	378.79	378.79	378.79
378.4	378.4	378.4	378.4	378.4	378.4	378.4	378.4	378.4	378.4
377.96	377.96	377.96	377.96	377.96	377.96	377.96	377.96	377.96	377.96
377.48	377.48	377.48	377.48	377.48	377.48	377.48	377.48	377.48	377.48
376.96	376.96	376.96	376.96	376.96	376.96	376.96	376.96	376.96	376.96
376.4	376.4	376.4	376.4	376.4	376.4	376.4	376.4	376.4	376.4
375.79	375.79	375.79	375.79	375.79	375.79	375.79	375.79	375.79	375.79
375.15	375.15	375.15	375.15	375.15	375.15	375.15	375.15	375.15	375.15
374.47	374.47	374.47	374.47	374.47	374.47	374.47	374.47	374.47	374.47
373.74	373.74	373.74	373.74	373.74	373.74	373.74	373.74	373.74	373.74
372.98	372.98	372.98	372.98	372.98	372.98	372.98	372.98	372.98	372.98
372.17	372.17	372.17	372.17	372.17	372.17	372.17	372.17	372.17	372.17
371.33	371.33	371.33	371.33	371.33	371.33	371.33	371.33	371.33	371.33
370.44	370.44	370.44	370.44	370.44	370.44	370.44	370.44	370.44	370.44
369.52	369.52	369.52	369.52	369.52	369.52	369.52	369.52	369.52	369.52
368.55	368.55	368.55	368.55	368.55	368.55	368.55	368.55	368.55	368.55
367.55	367.55	367.55	367.55	367.55	367.55	367.55	367.55	367.55	367.55
366.51	366.51	366.51	366.51	366.51	366.51	366.51	366.51	366.51	366.51
365.43	365.43	365.43	365.43	365.43	365.43	365.43	365.43	365.43	365.43
364.31	364.31	364.31	364.31	364.31	364.31	364.31	364.31	364.31	364.31
363.15	363.15	363.15	363.15	363.15	363.15	363.15	363.15	363.15	363.15
361.96	361.96	361.96	361.96	361.96	361.96	361.96	361.96	361.96	361.96
360.72	360.72	360.72	360.72	360.72	360.72	360.72	360.72	360.72	360.72
359.46	359.46	359.46	359.46	359.46	359.46	359.46	359.46	359.46	359.46
358.15	358.15	358.15	358.15	358.15	358.15	358.15	358.15	358.15	358.15
356.8	356.8	356.8	356.8	356.8	356.8	356.8	356.8	356.8	356.8
355.42	355.42	355.42	355.42	355.42	355.42	355.42	355.42	355.42	355.42
354.01	354.01	354.01	354.01	354.01	354.01	354.01	354.01	354.01	354.01
352.56	352.56	352.56	352.56	352.56	352.56	352.56	352.56	352.56	352.56
351.07	351.07	351.07	351.07	351.07	351.07	351.07	351.07	351.07	351.07
349.55	349.55	349.55	349.55	349.55	349.55	349.55	349.55	349.55	349.55
347.99	347.99	347.99	347.99	347.99	347.99	347.99	347.99	347.99	347.99
346.4	346.4	346.4	346.4	346.4	346.4	346.4	346.4	346.4	346.4
344.77	344.77	344.77	344.77	344.77	344.77	344.77	344.77	344.77	344.77
343.11	343.11	343.11	343.11	343.11	343.11	343.11	343.11	343.11	343.11
341.42	341.42	341.42	341.42	341.42	341.42	341.42	341.42	341.42	341.42
339.7	339.7	339.7	339.7	339.7	339.7	339.7	339.7	339.7	339.7
337.94	337.94	337.94	337.94	337.94	337.94	337.94	337.94	337.94	337.94
336.15	336.15	336.15	336.15	336.15	336.15	336.15	336.15	336.15	336.15
334.33	334.33	334.33	334.33	334.33	334.33	334.33	334.33	334.33	334.33
332.47	332.47	332.47	332.47	332.47	332.47	332.47	332.47	332.47	332.47
330.59	330.59	330.59	330.59	330.59	330.59	330.59	330.59	330.59	330.59
328.68	328.68	328.68	328.68	328.68	328.68	328.68	328.68	328.68	328.68
326.73	326.73	326.73	326.73	326.73	326.73	326.73	326.73	326.73	326.73
324.76	324.76	324.76	324.76	324.76	324.76	324.76	324.76	324.76	324.76
322.76	322.76	322.76	322.76	322.76	322.76	322.76	322.76	322.76	322.76
320.73	320.73	320.73	320.73	320.73	320.73	320.73	320.73	320.73	320.73
318.67	318.67	318.67	318.67	318.67	318.67	318.67	318.67	318.67	318.67
316.59	316.59	316.59	316.59	316.59	316.59	316.59	316.59	316.59	316.59
314.47	314.47	314.47	314.47	314.47	314.47	314.47	314.47	314.47	314.47
312.33	312.33	312.33	312.33	312.33	312.33	312.33	312.33	312.33	312.33
310.17	310.17	310.17	310.17	310.17	310.17	310.17	310.17	310.17	310.17
307.98	307.98	307.98	307.98	307.98	307.98	307.98	307.98	307.98	307.98
305.76	305.76	305.76	305.76	305.76	305.76	305.76	305.76	305.76	305.76
303.53	303.53	303.53	303.53	303.53	303.53	303.53	303.53	303.53	303.53
301.26	301.26	301.26	301.26	301.26	301.26	301.26	301.26	301.26	301.26
298.98	298.98	298.98	298.98	298.98	298.98	298.98	298.98	298.98	298.98
296.67	296.67	296.67	296.67	296.67	296.67	296.67	296.67	296.67	296.67
294.34	294.34	294.34	294.34	294.34	294.34	294.34	294.34	294.34	294.34
291.99	291.99	291.99	291.99	291.99	291.99	291.99	291.99	291.99	291.99
289.62	289.62	289.62	289.62	289.62	289.62	289.62	289.62	289.62	289.62
287.22	287.22	287.22	287.22	287.22	287.22	287.22	287.22	287.22	287.22
284.81	284.81	284.81	284.81	284.81	284.81	284.81	284.81	284.81	284.81
282.38	282.38	282.38	282.38	282.38	282.38	282.38	282.38	282.38	282.38
279.93	279.93	279.93	279.93	279.93	279.93	279.93	279.93	279.93	279.93
277.47	277.47	277.47	277.47	277.47	277.47	277.47	277.47	277.47	277.47
274.98	274.98	274.98	274.98	274.98	274.98	274.98	274.98	274.98	274.98
272.48	272.48	272.48	272.48	272.48	272.48	272.48	272.48	272.48	272.48
269.97	269.97	269.97	269.97	269.97	269.97	269.97	269.97	269.97	269.97
267.44	267.44	267.44	267.44	267.44	267.44	267.44	267.44	267.44	267.44
264.9	264.9	264.9	264.9	264.9	264.9	264.9	264.9	264.9	264.9
262.34	262.34	262.34	262.34	262.34	262.34	262.34	262.34	262.34	262.34
259.77	259.77	259.77	259.77	259.77	259.77	259.77	259.77	259.77	259.77
257.19	257.19	257.19	257.19	257.19	257.19	257.19	257.19	257.19	257.19
254.59	254.59	254.59	254.59	254.59	254.59	254.59	254.59	254.59	254.59
251.99	251.99	251.99	251.99	251.99	251.99	251.99	251.99	251.99	251.99
249.38	249.38	249.38	249.38	249.38	249.38	249.38	249.38	249.38	249.38
246.75	246.75	246.75	246.75	246.75	246.75	246.75	246.75	246.75	246.75
244.12	244.12	244.12	244.12	244.12	244.12	244.12	244.12	244.12	244.12
241.48	241.48	241.48	241.48	241.48	241.48	241.48	241.48	241.48	241.48
238.84	238.84	238.84	238.84	238.84	238.84	238.84	238.84	238.84	238.84
236.19	236.19	236.19	236.19	236.19	236.19	236.19	236.19	236.19	236.19
233.53	233.53	233.53	233.53	233.53	233.53	233.53	233.53	233.53	233.53
230.87	230.87	230.87	230.87	230.87	230.87	230.87	230.87	230.87	230.87
228.21	228.21	228.21	228.21	228.21	228.21	228.21	228.21	228.21	228.21
225.54	225.54	225.54	225.54	225.54	225.54	225.54	225.54	225.54	225.54
222.87	222.87	222.87	222.87	222.87	222.87	222.87	222.87	222.87	222.87
220.2	220.2	220.2	220.2	220.2	220.2	220.2	220.2	220.2	220.2
217.53	217.53	217.53	217.53	217.53	217.53	217.53	217.53	217.53	217.53
214.87	214.87	214.87	214.87	214.87	214.87	214.87	214.87	214.87	214.87
212.2	212.2	212.2	212.2	212.2	212.2	212.2	212.2	212.2	212.2
209.53	209.53	209.53	209.53	209.53	209.53	209.53	209.53	209.53	209.53
206.87	206.87	206.87	206.87	206.87	206.87	206.87	206.87	206.87	206.87
204.22	204.22	204.22	204.22	204.22	204.22	204.22	204.22	204.22	204.22
201.57	201.57	201.57	201.57	201.57	201.57	201.57	201.57	201.57	201.57
198.92	198.92	198.92	198.92	198.92	198.92	198.92	198.92	198.92	198.92
196.28	196.28	196.28	196.28	196.28	196.28	196.28	196.28	196.28	196.28
193.65	193.65	193.65	193.65	193.65	193.65	193.65	193.65	193.65	193.65
191.03	191.03	191.03	191.03	191.03	191.03	191.03	191.03	191.03	191.03
188.42	188.42	188.42	188.42	188.42	188.42	188.42	188.42	188.42	188.42
185.82	185.82	185.82	185.82	185.82	185.82	185.82	185.82	185.82	185.82
183.23	183.23	183.23	183.23	183.23	183.23	183.23	183.23	183.23	183.23
180.65	180.65	180.65	180.65	180.65	180.65	180.65	180.65	180.65	180.65
178.09	178.09	178.09	178.09	178.09	178.09	178.09	178.09	178.09	178.09
175.54	175.54	175.54	175.54	175.54	175.54	175.54	175.54	175.54	175.54
173.01	173.01	173.01	173.01	173.01	173.01	173.01	173.01	173.01	173.01
170.5	170.5	170.5	170.5	170.5	170.5	170.5	170.5	170.5	170.5
168	168	168	168	168	168	168	168	168	168
165.52	165.52	165.52	165.52	165.52	165.52	165.52	165.52	165.52	165.52
163.06	163.06	163.06	163.06	163.06	163.06	163.06	163.06	163.06	163.06
160.63	160.63	160.63	160.63	160.63	160.63	160.63	160.63	160.63	160.63
158.21	158.21	158.21	158.21	158.21	158.21	158.21	158.21	158.21	158.21
155.82	155.82	155.82	155.82	155.82	155.82	155.82	155.82	155.82	155.82
153.45	153.45	153.45	153.45	153.45	153.45	153.45	153.45	153.45	153.45
151.11	151.11	151.11	151.11	151.11	151.11	151.11	151.11	151.11	151.11
148.79	148.79	148.79	148.79	148.79	148.79	148.79	148.79	148.79	148.79
146.5	146.5	146.5	146.5	146.5	146.5	146.5	146.5	146.5	146.5
144.24	144.24	144.24	144.24	144.24	144.24	144.24	144.24	144.24	144.24
142.01	142.01	142.01	142.01	142.01	142.01	142.01	142.01	142.01	142.01
139.81	139.81	139.81	139.81	139.81	139.81	139.81	139.81	139.81	139.81
137.64	137.64	137.64	137.64	137.64	137.64	137.64	137.64	137.64	137.64
135.5	135.5	135.5	135.5	135.5	135.5	135.5	135.5	135.5	135.5
133.4	133.4	133.4	133.4	133.4	133.4	133.4	133.4	133.4	133.4
131.34	131.34	131.34	131.34	131.34	131.34	131.34	131.34	131.34	131.34
129.31	129.31	129.31	129.31	129.31	129.31	129.31	129.31	129.31	129.31
127.32	127.32	127.32	127.32	127.32	127.32	127.32	127.32	127.32	127.32
125.36	125.36	125.36	125.36	125.36	125.36	125.36	125.36	125.36	125.36
123.45	123.45	123.45	123.45	123.45	123.45	123.45	123.45	123.45	123.45
121.58	121.58	121.58	121.58	121.58	121.58	121.58	121.58	121.58	121.58
119.75	119.75	119.75	119.75	119.75	119.75	119.75	119.75	119.75	119.75
117.97	117.97	117.97	117.97	117.97	117.97	117.97	117.97	117.97	117.97
116.23	116.23	116.23	116.23	116.23	116.23	116.23	116.23	116.23	116.23
114.53	114.53	114.53	114.53	114.53	114.53	114.53	114.53	114.53	114.53
112.89	112.89	112.89	112.89	112.89	112.89	112.89	112.89	112.89	112.89
111.29	111.29	111.29	111.29	111.29	111.29	111.29	111.29	111.29	111.29
109.74	109.74	109.74	109.74	109.74	109.74	109.74	109.74	109.74	109.74
108.24	108.24	108.24	108.24	108.24	108.24	108.24	108.24	108.24	108.24
106.8	106.8	106.8	106.8	106.8	106.8	106.8	106.8	106.8	106.8
105.41	105.41	105.41	105.41	105.41	105.41	105.41	105.41	105.41	105.41
104.08	104.08	104.08	104.08	104.08	104.08	104.08	104.08	104.08	104.08
102.8	102.8	102.8	102.8	102.8	102.8	102.8	102.8	102.8	102.8
101.58	101.58	101.58	101.58	101.58	101.58	101.58	101.58	101.58	101.58
100.42	100.42	100.42	100.42	100.42	100.42	100.42	100.42	100.42	100.42
99.32	99.32	99.32	99.32	99.32	99.32	99.32	99.32	99.32	99.32
98.28	98.28	98.28	98.28	98.28	98.28	98.28	98.28	98.28	98.28
97.3	97.3	97.3	97.3	97.3	97.3	97.3	97.3	97.3	97.3
96.39	96.39	96.39	96.39	96.39	96.39	96.39	96.39	96.39	96.39
95.55	95.55	95.55	95.55	95.55	95.55	95.55	95.55	95.55	95.55
94.77	94.77	94.77	94.77	94.77	94.77	94.77	94.77	94.77	94.77
94.06	94.06	94.06	94.06	94.06	94.06	94.06	94.06	94.06	94.06
93.42	93.42	93.42	93.42	93.42	93.42	93.42	93.42	93.42	93.42
92.85	92.85	92.85	92.85	92.85	92.85	92.85	92.85	92.85	92.85
92.36	92.36	92.36	92.36	92.36	92.36	92.36	92.36	92.36	92.36
91.94	91.94	91.94	91.94	91.94	91.94	91.94	91.94	91.94	91.94
91.59	91.59	91.59	91.59	91.59	91.59	91.59	91.59	91.59	91.59
91.33	91.33	91.33	91.33	91.33	91.33	91.33	91.33	91.33	91.33
91.14	91.14	91.14	91.14	91.14	91.14	91.14	91.14	91.14	91.14
91.03	91.03	91.03	91.03	91.03	91.03	91.03	91.03	91.03	91.03
91	91	91	91	91	91	91	91	91	91
91.06	91.06	91.06	91.06	91.06	91.06	91.06	91.06	91.06	91.06
91.2	91.2	91.2	91.2	91.2	91.2	91.2	91.2	91.2	91.2
91.43	91.43	91.43	91.43	91.43	91.43	91.43	91.43	91.43	91.43
91.74	91.74	91.74	91.74	91.74	91.74	91.74	91.74	91.74	91.74
92.15	92.15	92.15	92.15	92.15	92.15	92.15	92.15	92.15	92.15
92.64	92.64	92.64	92.64	92.64	92.64	92.64	92.64	92.64	92.64
93.23	93.23	93.23	93.23	93.23	93.23	93.23	93.23	93.23	93.23
93.91	93.91	93.91	93.91	93.91	93.91	93.91	93.91	93.91	93.91
94.69	94.69	94.69	94.69	94.69	94.69	94.69	94.69	94.69	94.69
95.56	95.56	95.56	95.56	95.56	95.56	95.56	95.56	95.56	95.56
96.53	96.53	96.53	96.53	96.53	96.53	96.53	96.53	96.53	96.53
97.6	97.6	97.6	97.6	97.6	97.6	97.6	97.6	97.6	97.6
98.77	98.77	98.77	98.77	98.77	98.77	98.77	98.77	98.77	98.77
100.05	100.05	100.05	100.05	100.05	100.05	100.05	100.05	100.05	100.05
101.43	101.43	101.43	101.43	101.43	101.43	101.43	101.43	101.43	101.43
102.92	102.92	102.92	102.92	102.92	102.92	102.92	102.92	102.92	102.92
104.51	104.51	104.51	104.51	104.51	104.51	104.51	104.51	104.51	104.51
106.22	106.22	106.22	106.22	106.22	106.22	106.22	106.22	106.22	106.22
108.03	108.03	108.03	108.03	108.03	108.03	108.03	108.03	108.03	108.03
109.96	109.96	109.96	109.96	109.96	109.96	109.96	109.96	109.96	109.96
112.01	112.01	112.01	112.01	112.01	112.01	112.01	112.01	112.01	112.01
