# Daily average air temperature (degree C)
365
1 2 3 4 5 6 7 8 9 10 11 12 13 14 15 16 17 18 19 20 21 22 23 24 25 26 27 28 29 30 31 32 33 34 35 36 37 38 39 40 41 42 43 44 45 46 47 48 49 50 51 52 53 54 55 56 57 58 59 60 61 62 63 64 65 66 67 68 69 70 71 72 73 74 75 76 77 78 79 80 81 82 83 84 85 86 87 88 89 90 91 92 93 94 95 96 97 98 99 100 101 102 103 104 105 106 107 108 109 110 111 112 113 114 115 116 117 118 119 120 121 122 123 124 125 126 127 128 129 130 131 132 133 134 135 136 137 138 139 140 141 142 143 144 145 146 147 148 149 150 151 152 153 154 155 156 157 158 159 160 161 162 163 164 165 166 167 168 169 170 171 172 173 174 175 176 177 178 179 180 181 182 183 184 185 186 187 188 189 190 191 192 193 194 195 196 197 198 199 200 201 202 203 204 205 206 207 208 209 210 211 212 213 214 215 216 217 218 219 220 221 222 223 224 225 226 227 228 229 230 231 232 233 234 235 236 237 238 239 240 241 242 243 244 245 246 247 248 249 250 251 252 253 254 255 256 257 258 259 260 261 262 263 264 265 266 267 268 269 270 271 272 273 274 275 276 277 278 279 280 281 282 283 284 285 286 287 288 289 290 291 292 293 294 295 296 297 298 299 300 301 302 303 304 305 306 307 308 309 310 311 312 313 314 315 316 317 318 319 320 321 322 323 324 325 326 327 328 329 330 331 332 333 334 335 336 337 338 339 340 341 342 343 344 345 346 347 348 349 350 351 352 353 354 355 356 357 358 359 360 361 362 363 364 365 
10 
1 2 3 4 5 6 7 8 9 10 
15.7481	14.7731	13.7981	12.8231	11.8481	10.8731	9.8981	8.9231	7.9481	6.9731
15.644	14.669	13.694	12.719	11.744	10.769	9.794	8.819	7.844	6.869
15.5377	14.5627	13.5877	12.6127	11.6377	10.6627	9.6877	8.7127	7.7377	6.7627
15.4292	14.4542	13.4792	12.5042	11.5292	10.5542	9.5792	8.6042	7.6292	6.6542
15.3186	14.3436	13.3686	12.3936	11.4186	10.4436	9.4686	8.4936	7.5186	6.5436
15.2058	14.2308	13.2558	12.2808	11.3058	10.3308	9.3558	8.3808	7.4058	6.4308
15.091	14.116	13.141	12.166	11.191	10.216	9.241	8.266	7.291	6.316
14.9741	13.9991	13.0241	12.0491	11.0741	10.0991	9.1241	8.1491	7.1741	6.1991
14.8553	13.8803	12.9053	11.9303	10.9553	9.9803	9.0053	8.0303	7.0553	6.0803
14.7345	13.7595	12.7845	11.8095	10.8345	9.8595	8.8845	7.9095	6.9345	5.9595
14.6117	13.6367	12.6617	11.6867	10.7117	9.7367	8.7617	7.7867	6.8117	5.8367
14.4871	13.5121	12.5371	11.5621	10.5871	9.6121	8.6371	7.6621	6.6871	5.7121
14.3606	13.3856	12.4106	11.4356	10.4606	9.4856	8.5106	7.5356	6.5606	5.5856
14.2323	13.2573	12.2823	11.3073	10.3323	9.3573	8.3823	7.4073	6.4323	5.4573
14.1023	13.1273	12.1523	11.1773	10.2023	9.2273	8.2523	7.2773	6.3023	5.3273
13.9706	12.9956	12.0206	11.0456	10.0706	9.0956	8.1206	7.1456	6.1706	5.1956
13.8371	12.8621	11.8871	10.9121	9.9371	8.9621	7.9871	7.0121	6.0371	5.0621
13.7021	12.7271	11.7521	10.7771	9.8021	8.8271	7.8521	6.8771	5.9021	4.9271
13.5654	12.5904	11.6154	10.6404	9.6654	8.6904	7.7154	6.7404	5.7654	4.7904
13.4272	12.4522	11.4772	10.5022	9.5272	8.5522	7.5772	6.6022	5.6272	4.6522
13.2875	12.3125	11.3375	10.3625	9.3875	8.4125	7.4375	6.4625	5.4875	4.5125
13.1464	12.1714	11.1964	10.2214	9.2464	8.2714	7.2964	6.3214	5.3464	4.3714
13.0038	12.0288	11.0538	10.0788	9.1038	8.1288	7.1538	6.1788	5.2038	4.2288
12.8599	11.8849	10.9099	9.9349	8.9599	7.9849	7.0099	6.0349	5.0599	4.0849
12.7147	11.7397	10.7647	9.7897	8.8147	7.8397	6.8647	5.8897	4.9147	3.9397
12.5682	11.5932	10.6182	9.6432	8.6682	7.6932	6.7182	5.7432	4.7682	3.7932
12.4205	11.4455	10.4705	9.4955	8.5205	7.5455	6.5705	5.5955	4.6205	3.6455
12.2716	11.2966	10.3216	9.3466	8.3716	7.3966	6.4216	5.4466	4.4716	3.4966
12.1216	11.1466	10.1716	9.1966	8.2216	7.2466	6.2716	5.2966	4.3216	3.3466
11.9705	10.9955	10.0205	9.0455	8.0705	7.0955	6.1205	5.1455	4.1705	3.1955
11.8183	10.8433	9.8683	8.8933	7.9183	6.9433	5.9683	4.9933	4.0183	3.0433
11.6652	10.6902	9.7152	8.7402	7.7652	6.7902	5.8152	4.8402	3.8652	2.8902
11.5112	10.5362	9.5612	8.5862	7.6112	6.6362	5.6612	4.6862	3.7112	2.7362
11.3563	10.3813	9.4063	8.4313	7.4563	6.4813	5.5063	4.5313	3.5563	2.5813
11.2006	10.2256	9.2506	8.2756	7.3006	6.3256	5.3506	4.3756	3.4006	2.4256
11.0441	10.0691	9.0941	8.1191	7.1441	6.1691	5.1941	4.2191	3.2441	2.2691
10.8868	9.9118	8.9368	7.9618	6.9868	6.0118	5.0368	4.0618	3.0868	2.1118
10.7289	9.7539	8.7789	7.8039	6.8289	5.8539	4.8789	3.9039	2.9289	1.9539
10.5704	9.5954	8.6204	7.6454	6.6704	5.6954	4.7204	3.7454	2.7704	1.7954
10.4113	9.4363	8.4613	7.4863	6.5113	5.5363	4.5613	3.5863	2.6113	1.6363
10.2516	9.2766	8.3016	7.3266	6.3516	5.3766	4.4016	3.4266	2.4516	1.4766
10.0915	9.1165	8.1415	7.1665	6.1915	5.2165	4.2415	3.2665	2.2915	1.3165
9.931	8.956	7.981	7.006	6.031	5.056	4.081	3.106	2.131	1.156
9.77011	8.79511	7.82011	6.84511	5.87011	4.89511	3.92011	2.94511	1.97011	0.99511
9.60891	8.63391	7.65891	6.68391	5.70891	4.73391	3.75891	2.78391	1.80891	0.83391
9.44744	8.47244	7.49744	6.52244	5.54744	4.57244	3.59744	2.62244	1.64744	0.67244
9.28576	8.31076	7.33576	6.36076	5.38576	4.41076	3.43576	2.46076	1.48576	0.51076
9.12393	8.14893	7.17393	6.19893	5.22393	4.24893	3.27393	2.29893	1.32393	0.34893
8.96199	7.98699	7.01199	6.03699	5.06199	4.08699	3.11199	2.13699	1.16199	0.18699
8.8	7.825	6.85	5.875	4.9	3.925	2.95	1.975	1	0.025
8.63801	7.66301	6.68801	5.71301	4.73801	3.76301	2.78801	1.81301	0.83801	-0.13699
8.47607	7.50107	6.52607	5.55107	4.57607	3.60107	2.62607	1.65107	0.67607	-0.29893
8.31424	7.33924	6.36424	5.38924	4.41424	3.43924	2.46424	1.48924	0.51424	-0.46076
8.15256	7.17756	6.20256	5.22756	4.25256	3.27756	2.30256	1.32756	0.35256	-0.62244
7.99109	7.01609	6.04109	5.06609	4.09109	3.11609	2.14109	1.16609	0.19109	-0.78391
7.82989	6.85489	5.87989	4.90489	3.92989	2.95489	1.97989	1.00489	0.02989	-0.94511
7.669	6.694	5.719	4.744	3.769	2.794	1.819	0.844	-0.131	-1.106
7.50847	6.53347	5.55847	4.58347	3.60847	2.63347	1.65847	0.68347	-0.29153	-1.26653
7.34837	6.37337	5.39837	4.42337	3.44837	2.47337	1.49837	0.52337	-0.45163	-1.42663
7.18873	6.21373	5.23873	4.26373	3.28873	2.31373	1.33873	0.36373	-0.61127	-1.58627
7.02962	6.05462	5.07962	4.10462	3.12962	2.15462	1.17962	0.20462	-0.77038	-1.74538
6.87108	5.89608	4.92108	3.94608	2.97108	1.99608	1.02108	0.04608	-0.92892	-1.90392
6.71317	5.73817	4.76317	3.78817	2.81317	1.83817	0.86317	-0.11183	-1.08683	-2.06183
6.55593	5.58093	4.60593	3.63093	2.65593	1.68093	0.70593	-0.26907	-1.24407	-2.21907
6.39942	5.42442	4.44942	3.47442	2.49942	1.52442	0.54942	-0.42558	-1.40058	-2.37558
6.24368	5.26868	4.29368	3.31868	2.34368	1.36868	0.39368	-0.58132	-1.55632	-2.53132
6.08878	5.11378	4.13878	3.16378	2.18878	1.21378	0.23878	-0.73622	-1.71122	-2.68622
5.93475	4.95975	3.98475	3.00975	2.03475	1.05975	0.08475	-0.89025	-1.86525	-2.84025
5.78165	4.80665	3.83165	2.85665	1.88165	0.90665	-0.06835	-1.04335	-2.01835	-2.99335
5.62953	4.65453	3.67953	2.70453	1.72953	0.75453	-0.22047	-1.19547	-2.17047	-3.14547
5.47844	4.50344	3.52844	2.55344	1.57844	0.60344	-0.37156	-1.34656	-2.32156	-3.29656
5.32842	4.35342	3.37842	2.40342	1.42842	0.45342	-0.52158	-1.49658	-2.47158	-3.44658
5.17953	4.20453	3.22953	2.25453	1.27953	0.30453	-0.67047	-1.64547	-2.62047	-3.59547
5.03181	4.05681	3.08181	2.10681	1.13181	0.15681	-0.81819	-1.79319	-2.76819	-3.74319
4.88531	3.91031	2.93531	1.96031	0.98531	0.01031	-0.96469	-1.93969	-2.91469	-3.88969
4.74008	3.76508	2.79008	1.81508	0.84008	-0.13492	-1.10992	-2.08492	-3.05992	-4.03492
4.59616	3.62116	2.64616	1.67116	0.69616	-0.27884	-1.25384	-2.22884	-3.20384	-4.17884
4.45361	3.47861	2.50361	1.52861	0.55361	-0.42139	-1.39639	-2.37139	-3.34639	-4.32139
4.31247	3.33747	2.36247	1.38747	0.41247	-0.56253	-1.53753	-2.51253	-3.48753	-4.46253
4.17278	3.19778	2.22278	1.24778	0.27278	-0.70222	-1.67722	-2.65222	-3.62722	-4.60222
4.03458	3.05958	2.08458	1.10958	0.13458	-0.84042	-1.81542	-2.79042	-3.76542	-4.74042
3.89794	2.92294	1.94794	0.97294	-0.00206	-0.97706	-1.95206	-2.92706	-3.90206	-4.87706
3.76288	2.78788	1.81288	0.83788	-0.13712	-1.11212	-2.08712	-3.06212	-4.03712	-5.01212
3.62945	2.65445	1.67945	0.70445	-0.27055	-1.24555	-2.22055	-3.19555	-4.17055	-5.14555
3.4977	2.5227	1.5477	0.5727	-0.4023	-1.3773	-2.3523	-3.3273	-4.3023	-5.2773
3.36766	2.39266	1.41766	0.44266	-0.53234	-1.50734	-2.48234	-3.45734	-4.43234	-5.40734
3.23939	2.26439	1.28939	0.31439	-0.66061	-1.63561	-2.61061	-3.58561	-4.56061	-5.53561
3.11292	2.13792	1.16292	0.18792	-0.78708	-1.76208	-2.73708	-3.71208	-4.68708	-5.66208
2.98829	2.01329	1.03829	0.06329	-0.91171	-1.88671	-2.86171	-3.83671	-4.81171	-5.78671
2.86554	1.89054	0.91554	-0.05946	-1.03446	-2.00946	-2.98446	-3.95946	-4.93446	-5.90946
2.74471	1.76971	0.79471	-0.18029	-1.15529	-2.13029	-3.10529	-4.08029	-5.05529	-6.03029
2.62585	1.65085	0.67585	-0.29915	-1.27415	-2.24915	-3.22415	-4.19915	-5.17415	-6.14915
2.50899	1.53399	0.55899	-0.41601	-1.39101	-2.36601	-3.34101	-4.31601	-5.29101	-6.26601
2.39416	1.41916	0.44416	-0.53084	-1.50584	-2.48084	-3.45584	-4.43084	-5.40584	-6.38084
2.28142	1.30642	0.33142	-0.64358	-1.61858	-2.59358	-3.56858	-4.54358	-5.51858	-6.49358
2.17078	1.19578	0.22078	-0.75422	-1.72922	-2.70422	-3.67922	-4.65422	-5.62922	-6.60422
2.06229	1.08729	0.11229	-0.86271	-1.83771	-2.81271	-3.78771	-4.76271	-5.73771	-6.71271
1.95598	0.98098	0.00598	-0.96902	-1.94402	-2.91902	-3.89402	-4.86902	-5.84402	-6.81902
1.8519	0.8769	-0.0981	-1.0731	-2.0481	-3.0231	-3.9981	-4.9731	-5.9481	-6.9231
1.75006	0.77506	-0.19994	-1.17494	-2.14994	-3.12494	-4.09994	-5.07494	-6.04994	-7.02494
1.6505	0.6755	-0.2995	-1.2745	-2.2495	-3.2245	-4.1995	-5.1745	-6.1495	-7.1245
1.55327	0.57827	-0.39673	-1.37173	-2.34673	-3.32173	-4.29673	-5.27173	-6.24673	-7.22173
1.45838	0.48338	-0.49162	-1.46662	-2.44162	-3.41662	-4.39162	-5.36662	-6.34162	-7.31662
1.36587	0.39087	-0.58413	-1.55913	-2.53413	-3.50913	-4.48413	-5.45913	-6.43413	-7.40913
1.27577	0.30077	-0.67423	-1.64923	-2.62423	-3.59923	-4.57423	-5.54923	-6.52423	-7.49923
1.1881	0.2131	-0.7619	-1.7369	-2.7119	-3.6869	-4.6619	-5.6369	-6.6119	-7.5869
1.1029	0.1279	-0.8471	-1.8221	-2.7971	-3.7721	-4.7471	-5.7221	-6.6971	-7.6721
1.0202	0.0452	-0.9298	-1.9048	-2.8798	-3.8548	-4.8298	-5.8048	-6.7798	-7.7548
0.940017	-0.034983	-1.009983	-1.984983	-2.959983	-3.934983	-4.909983	-5.884983	-6.859983	-7.834983
0.86238	-0.11262	-1.08762	-2.06262	-3.03762	-4.01262	-4.98762	-5.96262	-6.93762	-7.91262
0.787315	-0.187685	-1.162685	-2.137685	-3.112685	-4.087685	-5.062685	-6.037685	-7.012685	-7.987685
0.714845	-0.260155	-1.235155	-2.210155	-3.185155	-4.160155	-5.135155	-6.110155	-7.085155	-8.060155
0.644996	-0.330004	-1.305004	-2.280004	-3.255004	-4.230004	-5.205004	-6.180004	-7.155004	-8.130004
0.577788	-0.397212	-1.372212	-2.347212	-3.322212	-4.297212	-5.272212	-6.247212	-7.222212	-8.197212
0.513245	-0.461755	-1.436755	-2.411755	-3.386755	-4.361755	-5.336755	-6.311755	-7.286755	-8.261755
0.451386	-0.523614	-1.498614	-2.473614	-3.448614	-4.423614	-5.398614	-6.373614	-7.348614	-8.323614
0.392232	-0.582768	-1.557768	-2.532768	-3.507768	-4.482768	-5.457768	-6.432768	-7.407768	-8.382768
0.335802	-0.639198	-1.614198	-2.589198	-3.564198	-4.539198	-5.514198	-6.489198	-7.464198	-8.439198
0.282115	-0.692885	-1.667885	-2.642885	-3.617885	-4.592885	-5.567885	-6.542885	-7.517885	-8.492885
0.231187	-0.743813	-1.718813	-2.693813	-3.668813	-4.643813	-5.618813	-6.593813	-7.568813	-8.543813
0.183035	-0.791965	-1.766965	-2.741965	-3.716965	-4.691965	-5.666965	-6.641965	-7.616965	-8.591965
0.137676	-0.837324	-1.812324	-2.787324	-3.762324	-4.737324	-5.712324	-6.687324	-7.662324	-8.637324
0.0951224	-0.8798776	-1.8548776	-2.8298776	-3.8048776	-4.7798776	-5.7548776	-6.7298776	-7.7048776	-8.6798776
0.0553895	-0.9196105	-1.8946105	-2.8696105	-3.8446105	-4.8196105	-5.7946105	-6.7696105	-7.7446105	-8.7196105
0.0184898	-0.9565102	-1.9315102	-2.9065102	-3.8815102	-4.8565102	-5.8315102	-6.8065102	-7.7815102	-8.7565102
-0.0155648	-0.9905648	-1.9655648	-2.9405648	-3.9155648	-4.8905648	-5.8655648	-6.8405648	-7.8155648	-8.7905648
-0.0467633	-1.0217633	-1.9967633	-2.9717633	-3.9467633	-4.9217633	-5.8967633	-6.8717633	-7.8467633	-8.8217633
-0.0750954	-1.0500954	-2.0250954	-3.0000954	-3.9750954	-4.9500954	-5.9250954	-6.9000954	-7.8750954	-8.8500954
-0.100552	-1.075552	-2.050552	-3.025552	-4.000552	-4.975552	-5.950552	-6.925552	-7.900552	-8.875552
-0.123125	-1.098125	-2.073125	-3.048125	-4.023125	-4.998125	-5.973125	-6.948125	-7.923125	-8.898125
-0.142807	-1.117807	-2.092807	-3.067807	-4.042807	-5.017807	-5.992807	-6.967807	-7.942807	-8.917807
-0.159592	-1.134592	-2.109592	-3.084592	-4.059592	-5.034592	-6.009592	-6.984592	-7.959592	-8.934592
-0.173473	-1.148473	-2.123473	-3.098473	-4.073473	-5.048473	-6.023473	-6.998473	-7.973473	-8.948473
-0.184448	-1.159448	-2.134448	-3.109448	-4.084448	-5.059448	-6.034448	-7.009448	-7.984448	-8.959448
-0.192512	-1.167512	-2.142512	-3.117512	-4.092512	-5.067512	-6.042512	-7.017512	-7.992512	-8.967512
-0.197662	-1.172662	-2.147662	-3.122662	-4.097662	-5.072662	-6.047662	-7.022662	-7.997662	-8.972662
-0.199896	-1.174896	-2.149896	-3.124896	-4.099896	-5.074896	-6.049896	-7.024896	-7.999896	-8.974896
-0.199215	-1.174215	-2.149215	-3.124215	-4.099215	-5.074215	-6.049215	-7.024215	-7.999215	-8.974215
-0.195619	-1.170619	-2.145619	-3.120619	-4.095619	-5.070619	-6.045619	-7.020619	-7.995619	-8.970619
-0.189108	-1.164108	-2.139108	-3.114108	-4.089108	-5.064108	-6.039108	-7.014108	-7.989108	-8.964108
-0.179684	-1.154684	-2.129684	-3.104684	-4.079684	-5.054684	-6.029684	-7.004684	-7.979684	-8.954684
-0.167351	-1.142351	-2.117351	-3.092351	-4.067351	-5.042351	-6.017351	-6.992351	-7.967351	-8.942351
-0.152113	-1.127113	-2.102113	-3.077113	-4.052113	-5.027113	-6.002113	-6.977113	-7.952113	-8.927113
-0.133974	-1.108974	-2.083974	-3.058974	-4.033974	-5.008974	-5.983974	-6.958974	-7.933974	-8.908974
-0.112941	-1.087941	-2.062941	-3.037941	-4.012941	-4.987941	-5.962941	-6.937941	-7.912941	-8.887941
-0.0890204	-1.0640204	-2.0390204	-3.0140204	-3.9890204	-4.9640204	-5.9390204	-6.9140204	-7.8890204	-8.8640204
-0.0622195	-1.0372195	-2.0122195	-2.9872195	-3.9622195	-4.9372195	-5.9122195	-6.8872195	-7.8622195	-8.8372195
-0.0325474	-1.0075474	-1.9825474	-2.9575474	-3.9325474	-4.9075474	-5.8825474	-6.8575474	-7.8325474	-8.8075474
-1.35982e-05	-0.9750135982	-1.9500135982	-2.9250135982	-3.9000135982	-4.8750135982	-5.8500135982	-6.8250135982	-7.8000135982	-8.7750135982
0.0353713	-0.9396287	-1.9146287	-2.8896287	-3.8646287	-4.8396287	-5.8146287	-6.7896287	-7.7646287	-8.7396287
0.0735959	-0.9014041	-1.8764041	-2.8514041	-3.8264041	-4.8014041	-5.7764041	-6.7514041	-7.7264041	-8.7014041
0.114648	-0.860352	-1.835352	-2.810352	-3.785352	-4.760352	-5.735352	-6.710352	-7.685352	-8.660352
0.158514	-0.816486	-1.791486	-2.766486	-3.741486	-4.716486	-5.691486	-6.666486	-7.641486	-8.616486
0.205179	-0.769821	-1.744821	-2.719821	-3.694821	-4.669821	-5.644821	-6.619821	-7.594821	-8.569821
0.254629	-0.720371	-1.695371	-2.670371	-3.645371	-4.620371	-5.595371	-6.570371	-7.545371	-8.520371
0.306848	-0.668152	-1.643152	-2.618152	-3.593152	-4.568152	-5.543152	-6.518152	-7.493152	-8.468152
0.361819	-0.613181	-1.588181	-2.563181	-3.538181	-4.513181	-5.488181	-6.463181	-7.438181	-8.413181
0.419523	-0.555477	-1.530477	-2.505477	-3.480477	-4.455477	-5.430477	-6.405477	-7.380477	-8.355477
0.479943	-0.495057	-1.470057	-2.445057	-3.420057	-4.395057	-5.370057	-6.345057	-7.320057	-8.295057
0.543058	-0.431942	-1.406942	-2.381942	-3.356942	-4.331942	-5.306942	-6.281942	-7.256942	-8.231942
0.608849	-0.366151	-1.341151	-2.316151	-3.291151	-4.266151	-5.241151	-6.216151	-7.191151	-8.166151
0.677293	-0.297707	-1.272707	-2.247707	-3.222707	-4.197707	-5.172707	-6.147707	-7.122707	-8.097707
0.748369	-0.226631	-1.201631	-2.176631	-3.151631	-4.126631	-5.101631	-6.076631	-7.051631	-8.026631
0.822054	-0.152946	-1.127946	-2.102946	-3.077946	-4.052946	-5.027946	-6.002946	-6.977946	-7.952946
0.898323	-0.076677	-1.051677	-2.026677	-3.001677	-3.976677	-4.951677	-5.926677	-6.901677	-7.876677
0.977153	0.002153	-0.972847	-1.947847	-2.922847	-3.897847	-4.872847	-5.847847	-6.822847	-7.797847
1.05852	0.08352	-0.89148	-1.86648	-2.84148	-3.81648	-4.79148	-5.76648	-6.74148	-7.71648
1.14239	0.16739	-0.80761	-1.78261	-2.75761	-3.73261	-4.70761	-5.68261	-6.65761	-7.63261
1.22874	0.25374	-0.72126	-1.69626	-2.67126	-3.64626	-4.62126	-5.59626	-6.57126	-7.54626
1.31755	0.34255	-0.63245	-1.60745	-2.58245	-3.55745	-4.53245	-5.50745	-6.48245	-7.45745
1.40878	0.43378	-0.54122	-1.51622	-2.49122	-3.46622	-4.44122	-5.41622	-6.39122	-7.36622
1.5024	0.5274	-0.4476	-1.4226	-2.3976	-3.3726	-4.3476	-5.3226	-6.2976	-7.2726
1.59839	0.62339	-0.35161	-1.32661	-2.30161	-3.27661	-4.25161	-5.22661	-6.20161	-7.17661
1.69672	0.72172	-0.25328	-1.22828	-2.20328	-3.17828	-4.15328	-5.12828	-6.10328	-7.07828
1.79734	0.82234	-0.15266	-1.12766	-2.10266	-3.07766	-4.05266	-5.02766	-6.00266	-6.97766
1.90023	0.92523	-0.04977	-1.02477	-1.99977	-2.97477	-3.94977	-4.92477	-5.89977	-6.87477
2.00536	1.03036	0.05536	-0.91964	-1.89464	-2.86964	-3.84464	-4.81964	-5.79464	-6.76964
2.11269	1.13769	0.16269	-0.81231	-1.78731	-2.76231	-3.73731	-4.71231	-5.68731	-6.66231
2.22219	1.24719	0.27219	-0.70281	-1.67781	-2.65281	-3.62781	-4.60281	-5.57781	-6.55281
2.33382	1.35882	0.38382	-0.59118	-1.56618	-2.54118	-3.51618	-4.49118	-5.46618	-6.44118
2.44754	1.47254	0.49754	-0.47746	-1.45246	-2.42746	-3.40246	-4.37746	-5.35246	-6.32746
2.56332	1.58832	0.61332	-0.36168	-1.33668	-2.31168	-3.28668	-4.26168	-5.23668	-6.21168
2.68112	1.70612	0.73112	-0.24388	-1.21888	-2.19388	-3.16888	-4.14388	-5.11888	-6.09388
2.80091	1.82591	0.85091	-0.12409	-1.09909	-2.07409	-3.04909	-4.02409	-4.99909	-5.97409
2.92263	1.94763	0.97263	-0.00237	-0.97737	-1.95237	-2.92737	-3.90237	-4.87737	-5.85237
3.04627	2.07127	1.09627	0.12127	-0.85373	-1.82873	-2.80373	-3.77873	-4.75373	-5.72873
3.17176	2.19676	1.22176	0.24676	-0.72824	-1.70324	-2.67824	-3.65324	-4.62824	-5.60324
3.29908	2.32408	1.34908	0.37408	-0.60092	-1.57592	-2.55092	-3.52592	-4.50092	-5.47592
3.42818	2.45318	1.47818	0.50318	-0.47182	-1.44682	-2.42182	-3.39682	-4.37182	-5.34682
3.55902	2.58402	1.60902	0.63402	-0.34098	-1.31598	-2.29098	-3.26598	-4.24098	-5.21598
3.69156	2.71656	1.74156	0.76656	-0.20844	-1.18344	-2.15844	-3.13344	-4.10844	-5.08344
3.82576	2.85076	1.87576	0.90076	-0.07424	-1.04924	-2.02424	-2.99924	-3.97424	-4.94924
3.96157	2.98657	2.01157	1.03657	0.06157	-0.91343	-1.88843	-2.86343	-3.83843	-4.81343
4.09894	3.12394	2.14894	1.17394	0.19894	-0.77606	-1.75106	-2.72606	-3.70106	-4.67606
4.23784	3.26284	2.28784	1.31284	0.33784	-0.63716	-1.61216	-2.58716	-3.56216	-4.53716
4.37821	3.40321	2.42821	1.45321	0.47821	-0.49679	-1.47179	-2.44679	-3.42179	-4.39679
4.52002	3.54502	2.57002	1.59502	0.62002	-0.35498	-1.32998	-2.30498	-3.27998	-4.25498
4.66322	3.68822	2.71322	1.73822	0.76322	-0.21178	-1.18678	-2.16178	-3.13678	-4.11178
4.80775	3.83275	2.85775	1.88275	0.90775	-0.06725	-1.04225	-2.01725	-2.99225	-3.96725
4.95358	3.97858	3.00358	2.02858	1.05358	0.07858	-0.89642	-1.87142	-2.84642	-3.82142
5.10066	4.12566	3.15066	2.17566	1.20066	0.22566	-0.74934	-1.72434	-2.69934	-3.67434
5.24893	4.27393	3.29893	2.32393	1.34893	0.37393	-0.60107	-1.57607	-2.55107	-3.52607
5.39835	4.42335	3.44835	2.47335	1.49835	0.52335	-0.45165	-1.42665	-2.40165	-3.37665
5.54888	4.57388	3.59888	2.62388	1.64888	0.67388	-0.30112	-1.27612	-2.25112	-3.22612
5.70046	4.72546	3.75046	2.77546	1.80046	0.82546	-0.14954	-1.12454	-2.09954	-3.07454
5.85304	4.87804	3.90304	2.92804	1.95304	0.97804	0.00304	-0.97196	-1.94696	-2.92196
6.00658	5.03158	4.05658	3.08158	2.10658	1.13158	0.15658	-0.81842	-1.79342	-2.76842
6.16102	5.18602	4.21102	3.23602	2.26102	1.28602	0.31102	-0.66398	-1.63898	-2.61398
6.31632	5.34132	4.36632	3.39132	2.41632	1.44132	0.46632	-0.50868	-1.48368	-2.45868
6.47243	5.49743	4.52243	3.54743	2.57243	1.59743	0.62243	-0.35257	-1.32757	-2.30257
6.62928	5.65428	4.67928	3.70428	2.72928	1.75428	0.77928	-0.19572	-1.17072	-2.14572
6.78684	5.81184	4.83684	3.86184	2.88684	1.91184	0.93684	-0.03816	-1.01316	-1.98816
6.94506	5.97006	4.99506	4.02006	3.04506	2.07006	1.09506	0.12006	-0.85494	-1.82994
7.10387	6.12887	5.15387	4.17887	3.20387	2.22887	1.25387	0.27887	-0.69613	-1.67113
7.26323	6.28823	5.31323	4.33823	3.36323	2.38823	1.41323	0.43823	-0.53677	-1.51177
7.42309	6.44809	5.47309	4.49809	3.52309	2.54809	1.57309	0.59809	-0.37691	-1.35191
7.5834	6.6084	5.6334	4.6584	3.6834	2.7084	1.7334	0.7584	-0.2166	-1.1916
7.7441	6.7691	5.7941	4.8191	3.8441	2.8691	1.8941	0.9191	-0.0559	-1.0309
7.90515	6.93015	5.95515	4.98015	4.00515	3.03015	2.05515	1.08015	0.10515	-0.86985
8.06648	7.09148	6.11648	5.14148	4.16648	3.19148	2.21648	1.24148	0.26648	-0.70852
8.22805	7.25305	6.27805	5.30305	4.32805	3.35305	2.37805	1.40305	0.42805	-0.54695
8.38981	7.41481	6.43981	5.46481	4.48981	3.51481	2.53981	1.56481	0.58981	-0.38519
8.5517	7.5767	6.6017	5.6267	4.6517	3.6767	2.7017	1.7267	0.7517	-0.2233
8.71367	7.73867	6.76367	5.78867	4.81367	3.83867	2.86367	1.88867	0.91367	-0.06133
8.87567	7.90067	6.92567	5.95067	4.97567	4.00067	3.02567	2.05067	1.07567	0.10067
9.03764	8.06264	7.08764	6.11264	5.13764	4.16264	3.18764	2.21264	1.23764	0.26264
9.19953	8.22453	7.24953	6.27453	5.29953	4.32453	3.34953	2.37453	1.39953	0.42453
9.3613	8.3863	7.4113	6.4363	5.4613	4.4863	3.5113	2.5363	1.5613	0.5863
9.52289	8.54789	7.57289	6.59789	5.62289	4.64789	3.67289	2.69789	1.72289	0.74789
9.68424	8.70924	7.73424	6.75924	5.78424	4.80924	3.83424	2.85924	1.88424	0.90924
9.8453	8.8703	7.8953	6.9203	5.9453	4.9703	3.9953	3.0203	2.0453	1.0703
10.006	9.031	8.056	7.081	6.106	5.131	4.156	3.181	2.206	1.231
10.1664	9.1914	8.2164	7.2414	6.2664	5.2914	4.3164	3.3414	2.3664	1.3914
10.3263	9.3513	8.3763	7.4013	6.4263	5.4513	4.4763	3.5013	2.5263	1.5513
10.4857	9.5107	8.5357	7.5607	6.5857	5.6107	4.6357	3.6607	2.6857	1.7107
10.6445	9.6695	8.6945	7.7195	6.7445	5.7695	4.7945	3.8195	2.8445	1.8695
10.8028	9.8278	8.8528	7.8778	6.9028	5.9278	4.9528	3.9778	3.0028	2.0278
10.9604	9.9854	9.0104	8.0354	7.0604	6.0854	5.1104	4.1354	3.1604	2.1854
11.1173	10.1423	9.1673	8.1923	7.2173	6.2423	5.2673	4.2923	3.3173	2.3423
11.2734	10.2984	9.3234	8.3484	7.3734	6.3984	5.4234	4.4484	3.4734	2.4984
11.4288	10.4538	9.4788	8.5038	7.5288	6.5538	5.5788	4.6038	3.6288	2.6538
11.5833	10.6083	9.6333	8.6583	7.6833	6.7083	5.7333	4.7583	3.7833	2.8083
11.7369	10.7619	9.7869	8.8119	7.8369	6.8619	5.8869	4.9119	3.9369	2.9619
11.8895	10.9145	9.9395	8.9645	7.9895	7.0145	6.0395	5.0645	4.0895	3.1145
12.0412	11.0662	10.0912	9.1162	8.1412	7.1662	6.1912	5.2162	4.2412	3.2662
12.1918	11.2168	10.2418	9.2668	8.2918	7.3168	6.3418	5.3668	4.3918	3.4168
12.3413	11.3663	10.3913	9.4163	8.4413	7.4663	6.4913	5.5163	4.5413	3.5663
12.4896	11.5146	10.5396	9.5646	8.5896	7.6146	6.6396	5.6646	4.6896	3.7146
12.6368	11.6618	10.6868	9.7118	8.7368	7.7618	6.7868	5.8118	4.8368	3.8618
12.7827	11.8077	10.8327	9.8577	8.8827	7.9077	6.9327	5.9577	4.9827	4.0077
12.9273	11.9523	10.9773	10.0023	9.0273	8.0523	7.0773	6.1023	5.1273	4.1523
13.0706	12.0956	11.1206	10.1456	9.1706	8.1956	7.2206	6.2456	5.2706	4.2956
13.2125	12.2375	11.2625	10.2875	9.3125	8.3375	7.3625	6.3875	5.4125	4.4375
13.353	12.378	11.403	10.428	9.453	8.478	7.503	6.528	5.553	4.578
13.492	12.517	11.542	10.567	9.592	8.617	7.642	6.667	5.692	4.717
13.6294	12.6544	11.6794	10.7044	9.7294	8.7544	7.7794	6.8044	5.8294	4.8544
13.7653	12.7903	11.8153	10.8403	9.8653	8.8903	7.9153	6.9403	5.9653	4.9903
13.8996	12.9246	11.9496	10.9746	9.9996	9.0246	8.0496	7.0746	6.0996	5.1246
14.0323	13.0573	12.0823	11.1073	10.1323	9.1573	8.1823	7.2073	6.2323	5.2573
14.1633	13.1883	12.2133	11.2383	10.2633	9.2883	8.3133	7.3383	6.3633	5.3883
14.2925	13.3175	12.3425	11.3675	10.3925	9.4175	8.4425	7.4675	6.4925	5.5175
14.4199	13.4449	12.4699	11.4949	10.5199	9.5449	8.5699	7.5949	6.6199	5.6449
14.5455	13.5705	12.5955	11.6205	10.6455	9.6705	8.6955	7.7205	6.7455	5.7705
14.6693	13.6943	12.7193	11.7443	10.7693	9.7943	8.8193	7.8443	6.8693	5.8943
14.7911	13.8161	12.8411	11.8661	10.8911	9.9161	8.9411	7.9661	6.9911	6.0161
14.9111	13.9361	12.9611	11.9861	11.0111	10.0361	9.0611	8.0861	7.1111	6.1361
15.029	14.054	13.079	12.104	11.129	10.154	9.179	8.204	7.229	6.254
15.1449	14.1699	13.1949	12.2199	11.2449	10.2699	9.2949	8.3199	7.3449	6.3699
15.2588	14.2838	13.3088	12.3338	11.3588	10.3838	9.4088	8.4338	7.4588	6.4838
15.3705	14.3955	13.4205	12.4455	11.4705	10.4955	9.5205	8.5455	7.5705	6.5955
15.4802	14.5052	13.5302	12.5552	11.5802	10.6052	9.6302	8.6552	7.6802	6.7052
15.5876	14.6126	13.6376	12.6626	11.6876	10.7126	9.7376	8.7626	7.7876	6.8126
15.6929	14.7179	13.7429	12.7679	11.7929	10.8179	9.8429	8.8679	7.8929	6.9179
15.796	14.821	13.846	12.871	11.896	10.921	9.946	8.971	7.996	7.021
15.8967	14.9217	13.9467	12.9717	11.9967	11.0217	10.0467	9.0717	8.0967	7.1217
15.9952	15.0202	14.0452	13.0702	12.0952	11.1202	10.1452	9.1702	8.1952	7.2202
16.0913	15.1163	14.1413	13.1663	12.1913	11.2163	10.2413	9.2663	8.2913	7.3163
16.1851	15.2101	14.2351	13.2601	12.2851	11.3101	10.3351	9.3601	8.3851	7.4101
16.2765	15.3015	14.3265	13.3515	12.3765	11.4015	10.4265	9.4515	8.4765	7.5015
16.3655	15.3905	14.4155	13.4405	12.4655	11.4905	10.5155	9.5405	8.5655	7.5905
16.452	15.477	14.502	13.527	12.552	11.577	10.602	9.627	8.652	7.677
16.536	15.561	14.586	13.611	12.636	11.661	10.686	9.711	8.736	7.761
16.6176	15.6426	14.6676	13.6926	12.7176	11.7426	10.7676	9.7926	8.8176	7.8426
16.6966	15.7216	14.7466	13.7716	12.7966	11.8216	10.8466	9.8716	8.8966	7.9216
16.773	15.798	14.823	13.848	12.873	11.898	10.923	9.948	8.973	7.998
16.8469	15.8719	14.8969	13.9219	12.9469	11.9719	10.9969	10.0219	9.0469	8.0719
16.9181	15.9431	14.9681	13.9931	13.0181	12.0431	11.0681	10.0931	9.1181	8.1431
16.9867	16.0117	15.0367	14.0617	13.0867	12.1117	11.1367	10.1617	9.1867	8.2117
17.0527	16.0777	15.1027	14.1277	13.1527	12.1777	11.2027	10.2277	9.2527	8.2777
17.116	16.141	15.166	14.191	13.216	12.241	11.266	10.291	9.316	8.341
17.1766	16.2016	15.2266	14.2516	13.2766	12.3016	11.3266	10.3516	9.3766	8.4016
17.2345	16.2595	15.2845	14.3095	13.3345	12.3595	11.3845	10.4095	9.4345	8.4595
17.2896	16.3146	15.3396	14.3646	13.3896	12.4146	11.4396	10.4646	9.4896	8.5146
17.342	16.367	15.392	14.417	13.442	12.467	11.492	10.517	9.542	8.567
17.3916	16.4166	15.4416	14.4666	13.4916	12.5166	11.5416	10.5666	9.5916	8.6166
17.4385	16.4635	15.4885	14.5135	13.5385	12.5635	11.5885	10.6135	9.6385	8.6635
17.4826	16.5076	15.5326	14.5576	13.5826	12.6076	11.6326	10.6576	9.6826	8.7076
17.5238	16.5488	15.5738	14.5988	13.6238	12.6488	11.6738	10.6988	9.7238	8.7488
17.5622	16.5872	15.6122	14.6372	13.6622	12.6872	11.7122	10.7372	9.7622	8.7872
17.5978	16.6228	15.6478	14.6728	13.6978	12.7228	11.7478	10.7728	9.7978	8.8228
17.6305	16.6555	15.6805	14.7055	13.7305	12.7555	11.7805	10.8055	9.8305	8.8555
17.6604	16.6854	15.7104	14.7354	13.7604	12.7854	11.8104	10.8354	9.8604	8.8854
17.6873	16.7123	15.7373	14.7623	13.7873	12.8123	11.8373	10.8623	9.8873	8.9123
17.7115	16.7365	15.7615	14.7865	13.8115	12.8365	11.8615	10.8865	9.9115	8.9365
17.7327	16.7577	15.7827	14.8077	13.8327	12.8577	11.8827	10.9077	9.9327	8.9577
17.751	16.776	15.801	14.826	13.851	12.876	11.901	10.926	9.951	8.976
17.7664	16.7914	15.8164	14.8414	13.8664	12.8914	11.9164	10.9414	9.9664	8.9914
17.779	16.804	15.829	14.854	13.879	12.904	11.929	10.954	9.979	9.004
17.7886	16.8136	15.8386	14.8636	13.8886	12.9136	11.9386	10.9636	9.9886	9.0136
17.7953	16.8203	15.8453	14.8703	13.8953	12.9203	11.9453	10.9703	9.9953	9.0203
17.7991	16.8241	15.8491	14.8741	13.8991	12.9241	11.9491	10.9741	9.9991	9.0241
17.7999	16.8249	15.8499	14.8749	13.8999	12.9249	11.9499	10.9749	9.9999	9.0249
17.7979	16.8229	15.8479	14.8729	13.8979	12.9229	11.9479	10.9729	9.9979	9.0229
17.7929	16.8179	15.8429	14.8679	13.8929	12.9179	11.9429	10.9679	9.9929	9.0179
17.7851	16.8101	15.8351	14.8601	13.8851	12.9101	11.9351	10.9601	9.9851	9.0101
17.7743	16.7993	15.8243	14.8493	13.8743	12.8993	11.9243	10.9493	9.9743	8.9993
17.7606	16.7856	15.8106	14.8356	13.8606	12.8856	11.9106	10.9356	9.9606	8.9856
17.744	16.769	15.794	14.819	13.844	12.869	11.894	10.919	9.944	8.969
17.7245	16.7495	15.7745	14.7995	13.8245	12.8495	11.8745	10.8995	9.9245	8.9495
17.7021	16.7271	15.7521	14.7771	13.8021	12.8271	11.8521	10.8771	9.9021	8.9271
17.6769	16.7019	15.7269	14.7519	13.7769	12.8019	11.8269	10.8519	9.8769	8.9019
17.6487	16.6737	15.6987	14.7237	13.7487	12.7737	11.7987	10.8237	9.8487	8.8737
17.6177	16.6427	15.6677	14.6927	13.7177	12.7427	11.7677	10.7927	9.8177	8.8427
17.5838	16.6088	15.6338	14.6588	13.6838	12.7088	11.7338	10.7588	9.7838	8.8088
17.5471	16.5721	15.5971	14.6221	13.6471	12.6721	11.6971	10.7221	9.7471	8.7721
17.5076	16.5326	15.5576	14.5826	13.6076	12.6326	11.6576	10.6826	9.7076	8.7326
17.4652	16.4902	15.5152	14.5402	13.5652	12.5902	11.6152	10.6402	9.6652	8.6902
17.42	16.445	15.47	14.495	13.52	12.545	11.57	10.595	9.62	8.645
17.3721	16.3971	15.4221	14.4471	13.4721	12.4971	11.5221	10.5471	9.5721	8.5971
17.3213	16.3463	15.3713	14.3963	13.4213	12.4463	11.4713	10.4963	9.5213	8.5463
17.2678	16.2928	15.3178	14.3428	13.3678	12.3928	11.4178	10.4428	9.4678	8.4928
17.2116	16.2366	15.2616	14.2866	13.3116	12.3366	11.3616	10.3866	9.4116	8.4366
17.1526	16.1776	15.2026	14.2276	13.2526	12.2776	11.3026	10.3276	9.3526	8.3776
17.0909	16.1159	15.1409	14.1659	13.1909	12.2159	11.2409	10.2659	9.2909	8.3159
17.0265	16.0515	15.0765	14.1015	13.1265	12.1515	11.1765	10.2015	9.2265	8.2515
16.9595	15.9845	15.0095	14.0345	13.0595	12.0845	11.1095	10.1345	9.1595	8.1845
16.8898	15.9148	14.9398	13.9648	12.9898	12.0148	11.0398	10.0648	9.0898	8.1148
16.8175	15.8425	14.8675	13.8925	12.9175	11.9425	10.9675	9.9925	9.0175	8.0425
16.7426	15.7676	14.7926	13.8176	12.8426	11.8676	10.8926	9.9176	8.9426	7.9676
16.6652	15.6902	14.7152	13.7402	12.7652	11.7902	10.8152	9.8402	8.8652	7.8902
16.5852	15.6102	14.6352	13.6602	12.6852	11.7102	10.7352	9.7602	8.7852	7.8102
16.5026	15.5276	14.5526	13.5776	12.6026	11.6276	10.6526	9.6776	8.7026	7.7276
16.4176	15.4426	14.4676	13.4926	12.5176	11.5426	10.5676	9.5926	8.6176	7.6426
16.3301	15.3551	14.3801	13.4051	12.4301	11.4551	10.4801	9.5051	8.5301	7.5551
16.2401	15.2651	14.2901	13.3151	12.3401	11.3651	10.3901	9.4151	8.4401	7.4651
16.1478	15.1728	14.1978	13.2228	12.2478	11.2728	10.2978	9.3228	8.3478	7.3728
16.0531	15.0781	14.1031	13.1281	12.1531	11.1781	10.2031	9.2281	8.2531	7.2781
15.956	14.981	14.006	13.031	12.056	11.081	10.106	9.131	8.156	7.181
15.8566	14.8816	13.9066	12.9316	11.9566	10.9816	10.0066	9.0316	8.0566	7.0816
15.7549	14.7799	13.8049	12.8299	11.8549	10.8799	9.9049	8.9299	7.9549	6.9799
15.6509	14.6759	13.7009	12.7259	11.7509	10.7759	9.8009	8.8259	7.8509	6.8759
15.5448	14.5698	13.5948	12.6198	11.6448	10.6698	9.6948	8.7198	7.7448	6.7698
15.4364	14.4614	13.4864	12.5114	11.5364	10.5614	9.5864	8.6114	7.6364	6.6614
15.3259	14.3509	13.3759	12.4009	11.4259	10.4509	9.4759	8.5009	7.5259	6.5509
15.2133	14.2383	13.2633	12.2883	11.3133	10.3383	9.3633	8.3883	7.4133	6.4383
15.0986	14.1236	13.1486	12.1736	11.1986	10.2236	9.2486	8.2736	7.2986	6.3236
14.9819	14.0069	13.0319	12.0569	11.0819	10.1069	9.1319	8.1569	7.1819	6.2069
14.8632	13.8882	12.9132	11.9382	10.9632	9.9882	9.0132	8.0382	7.0632	6.0882
14.7425	13.7675	12.7925	11.8175	10.8425	9.8675	8.8925	7.9175	6.9425	5.9675
14.6199	13.6449	12.6699	11.6949	10.7199	9.7449	8.7699	7.7949	6.8199	5.8449
14.4953	13.5203	12.5453	11.5703	10.5953	9.6203	8.6453	7.6703	6.6953	5.7203
14.369	13.394	12.419	11.444	10.469	9.494	8.519	7.544	6.569	5.594
14.2408	13.2658	12.2908	11.3158	10.3408	9.3658	8.3908	7.4158	6.4408	5.4658
14.1109	13.1359	12.1609	11.1859	10.2109	9.2359	8.2609	7.2859	6.3109	5.3359
13.9793	13.0043	12.0293	11.0543	10.0793	9.1043	8.1293	7.1543	6.1793	5.2043
