# Daily mininum air temperature (degree C)
365
1 2 3 4 5 6 7 8 9 10 11 12 13 14 15 16 17 18 19 20 21 22 23 24 25 26 27 28 29 30 31 32 33 34 35 36 37 38 39 40 41 42 43 44 45 46 47 48 49 50 51 52 53 54 55 56 57 58 59 60 61 62 63 64 65 66 67 68 69 70 71 72 73 74 75 76 77 78 79 80 81 82 83 84 85 86 87 88 89 90 91 92 93 94 95 96 97 98 99 100 101 102 103 104 105 106 107 108 109 110 111 112 113 114 115 116 117 118 119 120 121 122 123 124 125 126 127 128 129 130 131 132 133 134 135 136 137 138 139 140 141 142 143 144 145 146 147 148 149 150 151 152 153 154 155 156 157 158 159 160 161 162 163 164 165 166 167 168 169 170 171 172 173 174 175 176 177 178 179 180 181 182 183 184 185 186 187 188 189 190 191 192 193 194 195 196 197 198 199 200 201 202 203 204 205 206 207 208 209 210 211 212 213 214 215 216 217 218 219 220 221 222 223 224 225 226 227 228 229 230 231 232 233 234 235 236 237 238 239 240 241 242 243 244 245 246 247 248 249 250 251 252 253 254 255 256 257 258 259 260 261 262 263 264 265 266 267 268 269 270 271 272 273 274 275 276 277 278 279 280 281 282 283 284 285 286 287 288 289 290 291 292 293 294 295 296 297 298 299 300 301 302 303 304 305 306 307 308 309 310 311 312 313 314 315 316 317 318 319 320 321 322 323 324 325 326 327 328 329 330 331 332 333 334 335 336 337 338 339 340 341 342 343 344 345 346 347 348 349 350 351 352 353 354 355 356 357 358 359 360 361 362 363 364 365 
10 
1 2 3 4 5 6 7 8 9 10 
14.960695	14.034445	13.108195	12.181945	11.255695	10.329445	9.403195	8.476945	7.550695	6.624445
14.8618	13.93555	13.0093	12.08305	11.1568	10.23055	9.3043	8.37805	7.4518	6.52555
14.760815	13.834565	12.908315	11.982065	11.055815	10.129565	9.203315	8.277065	7.350815	6.424565
14.65774	13.73149	12.80524	11.87899	10.95274	10.02649	9.10024	8.17399	7.24774	6.32149
14.55267	13.62642	12.70017	11.77392	10.84767	9.92142	8.99517	8.06892	7.14267	6.21642
14.44551	13.51926	12.59301	11.66676	10.74051	9.81426	8.88801	7.96176	7.03551	6.10926
14.33645	13.4102	12.48395	11.5577	10.63145	9.7052	8.77895	7.8527	6.92645	6.0002
14.225395	13.299145	12.372895	11.446645	10.520395	9.594145	8.667895	7.741645	6.815395	5.889145
14.112535	13.186285	12.260035	11.333785	10.407535	9.481285	8.555035	7.628785	6.702535	5.776285
13.997775	13.071525	12.145275	11.219025	10.292775	9.366525	8.440275	7.514025	6.587775	5.661525
13.881115	12.954865	12.028615	11.102365	10.176115	9.249865	8.323615	7.397365	6.471115	5.544865
13.762745	12.836495	11.910245	10.983995	10.057745	9.131495	8.205245	7.278995	6.352745	5.426495
13.64257	12.71632	11.79007	10.86382	9.93757	9.01132	8.08507	7.15882	6.23257	5.30632
13.520685	12.594435	11.668185	10.741935	9.815685	8.889435	7.963185	7.036935	6.110685	5.184435
13.397185	12.470935	11.544685	10.618435	9.692185	8.765935	7.839685	6.913435	5.987185	5.060935
13.27207	12.34582	11.41957	10.49332	9.56707	8.64082	7.71457	6.78832	5.86207	4.93582
13.145245	12.218995	11.292745	10.366495	9.440245	8.513995	7.587745	6.661495	5.735245	4.808995
13.016995	12.090745	11.164495	10.238245	9.311995	8.385745	7.459495	6.533245	5.606995	4.680745
12.88713	11.96088	11.03463	10.10838	9.18213	8.25588	7.32963	6.40338	5.47713	4.55088
12.75584	11.82959	10.90334	9.97709	9.05084	8.12459	7.19834	6.27209	5.34584	4.41959
12.623125	11.696875	10.770625	9.844375	8.918125	7.991875	7.065625	6.139375	5.213125	4.286875
12.48908	11.56283	10.63658	9.71033	8.78408	7.85783	6.93158	6.00533	5.07908	4.15283
12.35361	11.42736	10.50111	9.57486	8.64861	7.72236	6.79611	5.86986	4.94361	4.01736
12.216905	11.290655	10.364405	9.438155	8.511905	7.585655	6.659405	5.733155	4.806905	3.880655
12.078965	11.152715	10.226465	9.300215	8.373965	7.447715	6.521465	5.595215	4.668965	3.742715
11.93979	11.01354	10.08729	9.16104	8.23479	7.30854	6.38229	5.45604	4.52979	3.60354
11.799475	10.873225	9.946975	9.020725	8.094475	7.168225	6.241975	5.315725	4.389475	3.463225
11.65802	10.73177	9.80552	8.87927	7.95302	7.02677	6.10052	5.17427	4.24802	3.32177
11.51552	10.58927	9.66302	8.73677	7.81052	6.88427	5.95802	5.03177	4.10552	3.17927
11.371975	10.445725	9.519475	8.593225	7.666975	6.740725	5.814475	4.888225	3.961975	3.035725
11.227385	10.301135	9.374885	8.448635	7.522385	6.596135	5.669885	4.743635	3.817385	2.891135
11.08194	10.15569	9.22944	8.30319	7.37694	6.45069	5.52444	4.59819	3.67194	2.74569
10.93564	10.00939	9.08314	8.15689	7.23064	6.30439	5.37814	4.45189	3.52564	2.59939
10.788485	9.862235	8.935985	8.009735	7.083485	6.157235	5.230985	4.304735	3.378485	2.452235
10.64057	9.71432	8.78807	7.86182	6.93557	6.00932	5.08307	4.15682	3.23057	2.30432
10.491895	9.565645	8.639395	7.713145	6.786895	5.860645	4.934395	4.008145	3.081895	2.155645
10.34246	9.41621	8.48996	7.56371	6.63746	5.71121	4.78496	3.85871	2.93246	2.00621
10.192455	9.266205	8.339955	7.413705	6.487455	5.561205	4.634955	3.708705	2.782455	1.856205
10.04188	9.11563	8.18938	7.26313	6.33688	5.41063	4.48438	3.55813	2.63188	1.70563
9.890735	8.964485	8.038235	7.111985	6.185735	5.259485	4.333235	3.406985	2.480735	1.554485
9.73902	8.81277	7.88652	6.96027	6.03402	5.10777	4.18152	3.25527	2.32902	1.40277
9.586925	8.660675	7.734425	6.808175	5.881925	4.955675	4.029425	3.103175	2.176925	1.250675
9.43445	8.5082	7.58195	6.6557	5.72945	4.8032	3.87695	2.9507	2.02445	1.0982
9.2816045	8.3553545	7.4291045	6.5028545	5.5766045	4.6503545	3.7241045	2.7978545	1.8716045	0.9453545
9.1284645	8.2022145	7.2759645	6.3497145	5.4234645	4.4972145	3.5709645	2.6447145	1.7184645	0.7922145
8.975068	8.048818	7.122568	6.196318	5.270068	4.343818	3.417568	2.491318	1.565068	0.638818
8.821472	7.895222	6.968972	6.042722	5.116472	4.190222	3.263972	2.337722	1.411472	0.485222
8.6677335	7.7414835	6.8152335	5.8889835	4.9627335	4.0364835	3.1102335	2.1839835	1.2577335	0.3314835
8.5138905	7.5876405	6.6613905	5.7351405	4.8088905	3.8826405	2.9563905	2.0301405	1.1038905	0.1776405
8.36	7.43375	6.5075	5.58125	4.655	3.72875	2.8025	1.87625	0.95	0.02375
8.2061095	7.2798595	6.3536095	5.4273595	4.5011095	3.5748595	2.6486095	1.7223595	0.7961095	-0.1301405
8.0522665	7.1260165	6.1997665	5.2735165	4.3472665	3.4210165	2.4947665	1.5685165	0.6422665	-0.2839835
7.898528	6.972278	6.046028	5.119778	4.193528	3.267278	2.341028	1.414778	0.488528	-0.437722
7.744932	6.818682	5.892432	4.966182	4.039932	3.113682	2.187432	1.261182	0.334932	-0.591318
7.5915355	6.6652855	5.7390355	4.8127855	3.8865355	2.9602855	2.0340355	1.1077855	0.1815355	-0.7447145
7.4383955	6.5121455	5.5858955	4.6596455	3.7333955	2.8071455	1.8808955	0.9546455	0.0283955	-0.8978545
7.28555	6.3593	5.43305	4.5068	3.58055	2.6543	1.72805	0.8018	-0.12445	-1.0507
7.1330465	6.2067965	5.2805465	4.3542965	3.4280465	2.5017965	1.5755465	0.6492965	-0.2769535	-1.2032035
6.9809515	6.0547015	5.1284515	4.2022015	3.2759515	2.3497015	1.4234515	0.4972015	-0.4290485	-1.3552985
6.8292935	5.9030435	4.9767935	4.0505435	3.1242935	2.1980435	1.2717935	0.3455435	-0.5807065	-1.5069565
6.678139	5.751889	4.825639	3.899389	2.973139	2.046889	1.120639	0.194389	-0.731861	-1.658111
6.527526	5.601276	4.675026	3.748776	2.822526	1.896276	0.970026	0.043776	-0.882474	-1.808724
6.3775115	5.4512615	4.5250115	3.5987615	2.6725115	1.7462615	0.8200115	-0.1062385	-1.0324885	-1.9587385
6.2281335	5.3018835	4.3756335	3.4493835	2.5231335	1.5968835	0.6706335	-0.2556165	-1.1818665	-2.1081165
6.079449	5.153199	4.226949	3.300699	2.374449	1.448199	0.521949	-0.404301	-1.330551	-2.256801
5.931496	5.005246	4.078996	3.152746	2.226496	1.300246	0.373996	-0.552254	-1.478504	-2.404754
5.784341	4.858091	3.931841	3.005591	2.079341	1.153091	0.226841	-0.699409	-1.625659	-2.551909
5.6380125	4.7117625	3.7855125	2.8592625	1.9330125	1.0067625	0.0805125	-0.8457375	-1.7719875	-2.6982375
5.4925675	4.5663175	3.6400675	2.7138175	1.7875675	0.8613175	-0.0649325	-0.9911825	-1.9174325	-2.8436825
5.3480535	4.4218035	3.4955535	2.5693035	1.6430535	0.7168035	-0.2094465	-1.1356965	-2.0619465	-2.9881965
5.204518	4.278268	3.352018	2.425768	1.499518	0.573268	-0.352982	-1.279232	-2.205482	-3.131732
5.061999	4.135749	3.209499	2.283249	1.356999	0.430749	-0.495501	-1.421751	-2.348001	-3.274251
4.9205535	3.9943035	3.0680535	2.1418035	1.2155535	0.2893035	-0.6369465	-1.5631965	-2.4894465	-3.4156965
4.7802195	3.8539695	2.9277195	2.0014695	1.0752195	0.1489695	-0.7772805	-1.7035305	-2.6297805	-3.5560305
4.6410445	3.7147945	2.7885445	1.8622945	0.9360445	0.0097945	-0.9164555	-1.8427055	-2.7689555	-3.6952055
4.503076	3.576826	2.650576	1.724326	0.798076	-0.128174	-1.054424	-1.980674	-2.906924	-3.833174
4.366352	3.440102	2.513852	1.587602	0.661352	-0.264898	-1.191148	-2.117398	-3.043648	-3.969898
4.2309295	3.3046795	2.3784295	1.4521795	0.5259295	-0.4003205	-1.3265705	-2.2528205	-3.1790705	-4.1053205
4.0968465	3.1705965	2.2443465	1.3180965	0.3918465	-0.5344035	-1.4606535	-2.3869035	-3.3131535	-4.2394035
3.964141	3.037891	2.111641	1.185391	0.259141	-0.667109	-1.593359	-2.519609	-3.445859	-4.372109
3.832851	2.906601	1.980351	1.054101	0.127851	-0.798399	-1.724649	-2.650899	-3.577149	-4.503399
3.703043	2.776793	1.850543	0.924293	-0.001957	-0.928207	-1.854457	-2.780707	-3.706957	-4.633207
3.574736	2.648486	1.722236	0.795986	-0.130264	-1.056514	-1.982764	-2.909014	-3.835264	-4.761514
3.4479775	2.5217275	1.5954775	0.6692275	-0.2570225	-1.1832725	-2.1095225	-3.0357725	-3.9620225	-4.8882725
3.322815	2.396565	1.470315	0.544065	-0.382185	-1.308435	-2.234685	-3.160935	-4.087185	-5.013435
3.199277	2.273027	1.346777	0.420527	-0.505723	-1.431973	-2.358223	-3.284473	-4.210723	-5.136973
3.0774205	2.1511705	1.2249205	0.2986705	-0.6275795	-1.5538295	-2.4800795	-3.4063295	-4.3325795	-5.2588295
2.957274	2.031024	1.104774	0.178524	-0.747726	-1.673976	-2.600226	-3.526476	-4.452726	-5.378976
2.8388755	1.9126255	0.9863755	0.0601255	-0.8661245	-1.7923745	-2.7186245	-3.6448745	-4.5711245	-5.4973745
2.722263	1.796013	0.869763	-0.056487	-0.982737	-1.908987	-2.835237	-3.761487	-4.687737	-5.613987
2.6074745	1.6812245	0.7549745	-0.1712755	-1.0975255	-2.0237755	-2.9500255	-3.8762755	-4.8025255	-5.7287755
2.4945575	1.5683075	0.6420575	-0.2841925	-1.2104425	-2.1366925	-3.0629425	-3.9891925	-4.9154425	-5.8416925
2.3835405	1.4572905	0.5310405	-0.3952095	-1.3214595	-2.2477095	-3.1739595	-4.1002095	-5.0264595	-5.9527095
2.274452	1.348202	0.421952	-0.504298	-1.430548	-2.356798	-3.283048	-4.209298	-5.135548	-6.061798
2.167349	1.241099	0.314849	-0.611401	-1.537651	-2.463901	-3.390151	-4.316401	-5.242651	-6.168901
2.062241	1.135991	0.209741	-0.716509	-1.642759	-2.569009	-3.495259	-4.421509	-5.347759	-6.274009
1.9591755	1.0329255	0.1066755	-0.8195745	-1.7458245	-2.6720745	-3.5983245	-4.5245745	-5.4508245	-6.3770745
1.858181	0.931931	0.005681	-0.920569	-1.846819	-2.773069	-3.699319	-4.625569	-5.551819	-6.478069
1.759305	0.833055	-0.093195	-1.019445	-1.945695	-2.871945	-3.798195	-4.724445	-5.650695	-6.576945
1.662557	0.736307	-0.189943	-1.116193	-2.042443	-2.968693	-3.894943	-4.821193	-5.747443	-6.673693
1.567975	0.641725	-0.284525	-1.210775	-2.137025	-3.063275	-3.989525	-4.915775	-5.842025	-6.768275
1.4756065	0.5493565	-0.3768935	-1.3031435	-2.2293935	-3.1556435	-4.0818935	-5.0081435	-5.9343935	-6.8606435
1.385461	0.459211	-0.467039	-1.393289	-2.319539	-3.245789	-4.172039	-5.098289	-6.024539	-6.950789
1.2975765	0.3713265	-0.5549235	-1.4811735	-2.4074235	-3.3336735	-4.2599235	-5.1861735	-6.1124235	-7.0386735
1.2119815	0.2857315	-0.6405185	-1.5667685	-2.4930185	-3.4192685	-4.3455185	-5.2717685	-6.1980185	-7.1242685
1.128695	0.202445	-0.723805	-1.650055	-2.576305	-3.502555	-4.428805	-5.355055	-6.281305	-7.207555
1.047755	0.121505	-0.804745	-1.730995	-2.657245	-3.583495	-4.509745	-5.435995	-6.362245	-7.288495
0.96919	0.04294	-0.88331	-1.80956	-2.73581	-3.66206	-4.58831	-5.51456	-6.44081	-7.36706
0.89301615	-0.03323385	-0.95948385	-1.88573385	-2.81198385	-3.73823385	-4.66448385	-5.59073385	-6.51698385	-7.44323385
0.819261	-0.106989	-1.033239	-1.959489	-2.885739	-3.811989	-4.738239	-5.664489	-6.590739	-7.516989
0.74794925	-0.17830075	-1.10455075	-2.03080075	-2.95705075	-3.88330075	-4.80955075	-5.73580075	-6.66205075	-7.58830075
0.67910275	-0.24714725	-1.17339725	-2.09964725	-3.02589725	-3.95214725	-4.87839725	-5.80464725	-6.73089725	-7.65714725
0.6127462	-0.3135038	-1.2397538	-2.1660038	-3.0922538	-4.0185038	-4.9447538	-5.8710038	-6.7972538	-7.7235038
0.5488986	-0.3773514	-1.3036014	-2.2298514	-3.1561014	-4.0823514	-5.0086014	-5.9348514	-6.8611014	-7.7873514
0.48758275	-0.43866725	-1.36491725	-2.29116725	-3.21741725	-4.14366725	-5.06991725	-5.99616725	-6.92241725	-7.84866725
0.4288167	-0.4974333	-1.4236833	-2.3499333	-3.2761833	-4.2024333	-5.1286833	-6.0549333	-6.9811833	-7.9074333
0.3726204	-0.5536296	-1.4798796	-2.4061296	-3.3323796	-4.2586296	-5.1848796	-6.1111296	-7.0373796	-7.9636296
0.3190119	-0.6072381	-1.5334881	-2.4597381	-3.3859881	-4.3122381	-5.2384881	-6.1647381	-7.0909881	-8.0172381
0.26800925	-0.65824075	-1.58449075	-2.51074075	-3.43699075	-4.36324075	-5.28949075	-6.21574075	-7.14199075	-8.06824075
0.21962765	-0.70662235	-1.63287235	-2.55912235	-3.48537235	-4.41162235	-5.33787235	-6.26412235	-7.19037235	-8.11662235
0.17388325	-0.75236675	-1.67861675	-2.60486675	-3.53111675	-4.45736675	-5.38361675	-6.30986675	-7.23611675	-8.16236675
0.1307922	-0.7954578	-1.7217078	-2.6479578	-3.5742078	-4.5004578	-5.4267078	-6.3529578	-7.2792078	-8.2054578
0.09036628	-0.83588372	-1.76213372	-2.68838372	-3.61463372	-4.54088372	-5.46713372	-6.39338372	-7.31963372	-8.24588372
0.052620025	-0.873629975	-1.799879975	-2.726129975	-3.652379975	-4.578629975	-5.504879975	-6.431129975	-7.357379975	-8.283629975
0.01756531	-0.90868469	-1.83493469	-2.76118469	-3.68743469	-4.61368469	-5.53993469	-6.46618469	-7.39243469	-8.31868469
-0.01478656	-0.94103656	-1.86728656	-2.79353656	-3.71978656	-4.64603656	-5.57228656	-6.49853656	-7.42478656	-8.35103656
-0.044425135	-0.970675135	-1.896925135	-2.823175135	-3.749425135	-4.675675135	-5.601925135	-6.528175135	-7.454425135	-8.380675135
-0.07134063	-0.99759063	-1.92384063	-2.85009063	-3.77634063	-4.70259063	-5.62884063	-6.55509063	-7.48134063	-8.40759063
-0.0955244	-1.0217744	-1.9480244	-2.8742744	-3.8005244	-4.7267744	-5.6530244	-6.5792744	-7.5055244	-8.4317744
-0.11696875	-1.04321875	-1.96946875	-2.89571875	-3.82196875	-4.74821875	-5.67446875	-6.60071875	-7.52696875	-8.45321875
-0.13566665	-1.06191665	-1.98816665	-2.91441665	-3.84066665	-4.76691665	-5.69316665	-6.61941665	-7.54566665	-8.47191665
-0.1516124	-1.0778624	-2.0041124	-2.9303624	-3.8566124	-4.7828624	-5.7091124	-6.6353624	-7.5616124	-8.4878624
-0.16479935	-1.09104935	-2.01729935	-2.94354935	-3.86979935	-4.79604935	-5.72229935	-6.64854935	-7.57479935	-8.50104935
-0.1752256	-1.1014756	-2.0277256	-2.9539756	-3.8802256	-4.8064756	-5.7327256	-6.6589756	-7.5852256	-8.5114756
-0.1828864	-1.1091364	-2.0353864	-2.9616364	-3.8878864	-4.8141364	-5.7403864	-6.6666364	-7.5928864	-8.5191364
-0.1877789	-1.1140289	-2.0402789	-2.9665289	-3.8927789	-4.8190289	-5.7452789	-6.6715289	-7.5977789	-8.5240289
-0.1899012	-1.1161512	-2.0424012	-2.9686512	-3.8949012	-4.8211512	-5.7474012	-6.6736512	-7.5999012	-8.5261512
-0.18925425	-1.11550425	-2.04175425	-2.96800425	-3.89425425	-4.82050425	-5.74675425	-6.67300425	-7.59925425	-8.52550425
-0.18583805	-1.11208805	-2.03833805	-2.96458805	-3.89083805	-4.81708805	-5.74333805	-6.66958805	-7.59583805	-8.52208805
-0.1796526	-1.1059026	-2.0321526	-2.9584026	-3.8846526	-4.8109026	-5.7371526	-6.6634026	-7.5896526	-8.5159026
-0.1706998	-1.0969498	-2.0231998	-2.9494498	-3.8756998	-4.8019498	-5.7281998	-6.6544498	-7.5806998	-8.5069498
-0.15898345	-1.08523345	-2.01148345	-2.93773345	-3.86398345	-4.79023345	-5.71648345	-6.64273345	-7.56898345	-8.49523345
-0.14450735	-1.07075735	-1.99700735	-2.92325735	-3.84950735	-4.77575735	-5.70200735	-6.62825735	-7.55450735	-8.48075735
-0.1272753	-1.0535253	-1.9797753	-2.9060253	-3.8322753	-4.7585253	-5.6847753	-6.6110253	-7.5372753	-8.4635253
-0.10729395	-1.03354395	-1.95979395	-2.88604395	-3.81229395	-4.73854395	-5.66479395	-6.59104395	-7.51729395	-8.44354395
-0.08456938	-1.01081938	-1.93706938	-2.86331938	-3.78956938	-4.71581938	-5.64206938	-6.56831938	-7.49456938	-8.42081938
-0.059108525	-0.985358525	-1.911608525	-2.837858525	-3.764108525	-4.690358525	-5.616608525	-6.542858525	-7.469108525	-8.395358525
-0.03092003	-0.95717003	-1.88342003	-2.80967003	-3.73592003	-4.66217003	-5.58842003	-6.51467003	-7.44092003	-8.36717003
0	-0.9262629183	-1.8525129183	-2.7787629183	-3.7050129183	-4.6312629183	-5.5575129183	-6.4837629183	-7.4100129183	-8.3362629183
0.033602735	-0.892647265	-1.818897265	-2.745147265	-3.671397265	-4.597647265	-5.523897265	-6.450147265	-7.376397265	-8.302647265
0.069916105	-0.856333895	-1.782583895	-2.708833895	-3.635083895	-4.561333895	-5.487583895	-6.413833895	-7.340083895	-8.266333895
0.1089156	-0.8173344	-1.7435844	-2.6698344	-3.5960844	-4.5223344	-5.4485844	-6.3748344	-7.3010844	-8.2273344
0.1505883	-0.7756617	-1.7019117	-2.6281617	-3.5544117	-4.4806617	-5.4069117	-6.3331617	-7.2594117	-8.1856617
0.19492005	-0.73132995	-1.65757995	-2.58382995	-3.51007995	-4.43632995	-5.36257995	-6.28882995	-7.21507995	-8.14132995
0.24189755	-0.68435245	-1.61060245	-2.53685245	-3.46310245	-4.38935245	-5.31560245	-6.24185245	-7.16810245	-8.09435245
0.2915056	-0.6347444	-1.5609944	-2.4872444	-3.4134944	-4.3397444	-5.2659944	-6.1922444	-7.1184944	-8.0447444
0.34372805	-0.58252195	-1.50877195	-2.43502195	-3.36127195	-4.28752195	-5.21377195	-6.14002195	-7.06627195	-7.99252195
0.39854685	-0.52770315	-1.45395315	-2.38020315	-3.30645315	-4.23270315	-5.15895315	-6.08520315	-7.01145315	-7.93770315
0.45594585	-0.47030415	-1.39655415	-2.32280415	-3.24905415	-4.17530415	-5.10155415	-6.02780415	-6.95405415	-7.88030415
0.5159051	-0.4103449	-1.3365949	-2.2628449	-3.1890949	-4.1153449	-5.0415949	-5.9678449	-6.8940949	-7.8203449
0.57840655	-0.34784345	-1.27409345	-2.20034345	-3.12659345	-4.05284345	-4.97909345	-5.90534345	-6.83159345	-7.75784345
0.64342835	-0.28282165	-1.20907165	-2.13532165	-3.06157165	-3.98782165	-4.91407165	-5.84032165	-6.76657165	-7.69282165
0.71095055	-0.21529945	-1.14154945	-2.06779945	-2.99404945	-3.92029945	-4.84654945	-5.77279945	-6.69904945	-7.62529945
0.7809513	-0.1452987	-1.0715487	-1.9977987	-2.9240487	-3.8502987	-4.7765487	-5.7027987	-6.6290487	-7.5552987
0.85340685	-0.07284315	-0.99909315	-1.92534315	-2.85159315	-3.77784315	-4.70409315	-5.63034315	-6.55659315	-7.48284315
0.92829535	0.00204535	-0.92420465	-1.85045465	-2.77670465	-3.70295465	-4.62920465	-5.55545465	-6.48170465	-7.40795465
1.005594	0.079344	-0.846906	-1.773156	-2.699406	-3.625656	-4.551906	-5.478156	-6.404406	-7.330656
1.0852705	0.1590205	-0.7672295	-1.6934795	-2.6197295	-3.5459795	-4.4722295	-5.3984795	-6.3247295	-7.2509795
1.167303	0.241053	-0.685197	-1.611447	-2.537697	-3.463947	-4.390197	-5.316447	-6.242697	-7.168947
1.2516725	0.3254225	-0.6008275	-1.5270775	-2.4533275	-3.3795775	-4.3058275	-5.2320775	-6.1583275	-7.0845775
1.338341	0.412091	-0.514159	-1.440409	-2.366659	-3.292909	-4.219159	-5.145409	-6.071659	-6.997909
1.42728	0.50103	-0.42522	-1.35147	-2.27772	-3.20397	-4.13022	-5.05647	-5.98272	-6.90897
1.5184705	0.5922205	-0.3340295	-1.2602795	-2.1865295	-3.1127795	-4.0390295	-4.9652795	-5.8915295	-6.8177795
1.611884	0.685634	-0.240616	-1.166866	-2.093116	-3.019366	-3.945616	-4.871866	-5.798116	-6.724366
1.707473	0.781223	-0.145027	-1.071277	-1.997527	-2.923777	-3.850027	-4.776277	-5.702527	-6.628777
1.8052185	0.8789685	-0.0472815	-0.9735315	-1.8997815	-2.8260315	-3.7522815	-4.6785315	-5.6047815	-6.5310315
1.905092	0.978842	0.052592	-0.873658	-1.799908	-2.726158	-3.652408	-4.578658	-5.504908	-6.431158
2.0070555	1.0808055	0.1545555	-0.7716945	-1.6979445	-2.6241945	-3.5504445	-4.4766945	-5.4029445	-6.3291945
2.1110805	1.1848305	0.2585805	-0.6676695	-1.5939195	-2.5201695	-3.4464195	-4.3726695	-5.2989195	-6.2251695
2.217129	1.290879	0.364629	-0.561621	-1.487871	-2.414121	-3.340371	-4.266621	-5.192871	-6.119121
2.325163	1.398913	0.472663	-0.453587	-1.379837	-2.306087	-3.232337	-4.158587	-5.084837	-6.011087
2.435154	1.508904	0.582654	-0.343596	-1.269846	-2.196096	-3.122346	-4.048596	-4.974846	-5.901096
2.547064	1.620814	0.694564	-0.231686	-1.157936	-2.084186	-3.010436	-3.936686	-4.862936	-5.789186
2.6608645	1.7346145	0.8083645	-0.1178855	-1.0441355	-1.9703855	-2.8966355	-3.8228855	-4.7491355	-5.6753855
2.7764985	1.8502485	0.9239985	-0.0022515	-0.9285015	-1.8547515	-2.7810015	-3.7072515	-4.6335015	-5.5597515
2.8939565	1.9677065	1.0414565	0.1152065	-0.8110435	-1.7372935	-2.6635435	-3.5897935	-4.5160435	-5.4422935
3.013172	2.086922	1.160672	0.234422	-0.691828	-1.618078	-2.544328	-3.470578	-4.396828	-5.323078
3.134126	2.207876	1.281626	0.355376	-0.570874	-1.497124	-2.423374	-3.349624	-4.275874	-5.202124
3.256771	2.330521	1.404271	0.478021	-0.448229	-1.374479	-2.300729	-3.226979	-4.153229	-5.079479
3.381069	2.454819	1.528569	0.602319	-0.323931	-1.250181	-2.176431	-3.102681	-4.028931	-4.955181
3.506982	2.580732	1.654482	0.728232	-0.198018	-1.124268	-2.050518	-2.976768	-3.903018	-4.829268
3.634472	2.708222	1.781972	0.855722	-0.070528	-0.996778	-1.923028	-2.849278	-3.775528	-4.701778
3.7634915	2.8372415	1.9109915	0.9847415	0.0584915	-0.8677585	-1.7940085	-2.7202585	-3.6465085	-4.5727585
3.893993	2.967743	2.041493	1.115243	0.188993	-0.737257	-1.663507	-2.589757	-3.516007	-4.442257
4.025948	3.099698	2.173448	1.247198	0.320948	-0.605302	-1.531552	-2.457802	-3.384052	-4.310302
4.1592995	3.2330495	2.3067995	1.3805495	0.4542995	-0.4719505	-1.3982005	-2.3244505	-3.2507005	-4.1769505
4.294019	3.367769	2.441519	1.515269	0.589019	-0.337231	-1.263481	-2.189731	-3.115981	-4.042231
4.430059	3.503809	2.577559	1.651309	0.725059	-0.201191	-1.127441	-2.053691	-2.979941	-3.906191
4.5673625	3.6411125	2.7148625	1.7886125	0.8623625	-0.0638875	-0.9901375	-1.9163875	-2.8426375	-3.7688875
4.705901	3.779651	2.853401	1.927151	1.000901	0.074651	-0.851599	-1.777849	-2.704099	-3.630349
4.845627	3.919377	2.993127	2.066877	1.140627	0.214377	-0.711873	-1.638123	-2.564373	-3.490623
4.9864835	4.0602335	3.1339835	2.2077335	1.2814835	0.3552335	-0.5710165	-1.4972665	-2.4235165	-3.3497665
5.1284325	4.2021825	3.2759325	2.3496825	1.4234325	0.4971825	-0.4290675	-1.3553175	-2.2815675	-3.2078175
5.271436	4.345186	3.418936	2.492686	1.566436	0.640186	-0.286064	-1.212314	-2.138564	-3.064814
5.415437	4.489187	3.562937	2.636687	1.710437	0.784187	-0.142063	-1.068313	-1.994563	-2.920813
5.560388	4.634138	3.707888	2.781638	1.855388	0.929138	0.002888	-0.923362	-1.849612	-2.775862
5.706251	4.780001	3.853751	2.927501	2.001251	1.075001	0.148751	-0.777499	-1.703749	-2.629999
5.852969	4.926719	4.000469	3.074219	2.147969	1.221719	0.295469	-0.630781	-1.557031	-2.483281
6.000504	5.074254	4.148004	3.221754	2.295504	1.369254	0.443004	-0.483246	-1.409496	-2.335746
6.1488085	5.2225585	4.2963085	3.3700585	2.4438085	1.5175585	0.5913085	-0.3349415	-1.2611915	-2.1874415
6.297816	5.371566	4.445316	3.519066	2.592816	1.666566	0.740316	-0.185934	-1.112184	-2.038434
6.447498	5.521248	4.594998	3.668748	2.742498	1.816248	0.889998	-0.036252	-0.962502	-1.888752
6.597807	5.671557	4.745307	3.819057	2.892807	1.966557	1.040307	0.114057	-0.812193	-1.738443
6.7486765	5.8224265	4.8961765	3.9699265	3.0436765	2.1174265	1.1911765	0.2649265	-0.6613235	-1.5875735
6.9000685	5.9738185	5.0475685	4.1213185	3.1950685	2.2688185	1.3425685	0.4163185	-0.5099315	-1.4361815
7.0519355	6.1256855	5.1994355	4.2731855	3.3469355	2.4206855	1.4944355	0.5681855	-0.3580645	-1.2843145
7.20423	6.27798	5.35173	4.42548	3.49923	2.57298	1.64673	0.72048	-0.20577	-1.13202
7.356895	6.430645	5.504395	4.578145	3.651895	2.725645	1.799395	0.873145	-0.053105	-0.979355
7.5098925	6.5836425	5.6573925	4.7311425	3.8048925	2.8786425	1.9523925	1.0261425	0.0998925	-0.8263575
7.663156	6.736906	5.810656	4.884406	3.958156	3.031906	2.105656	1.179406	0.253156	-0.673094
7.8166475	6.8903975	5.9641475	5.0378975	4.1116475	3.1853975	2.2591475	1.3328975	0.4066475	-0.5196025
7.9703195	7.0440695	6.1178195	5.1915695	4.2653195	3.3390695	2.4128195	1.4865695	0.5603195	-0.3659305
8.124115	7.197865	6.271615	5.345365	4.419115	3.492865	2.566615	1.640365	0.714115	-0.212135
8.2779865	7.3517365	6.4254865	5.4992365	4.5729865	3.6467365	2.7204865	1.7942365	0.8679865	-0.0582635
8.4318865	7.5056365	6.5793865	5.6531365	4.7268865	3.8006365	2.8743865	1.9481365	1.0218865	0.0956365
8.585758	7.659508	6.733258	5.807008	4.880758	3.954508	3.028258	2.102008	1.175758	0.249508
8.7395535	7.8133035	6.8870535	5.9608035	5.0345535	4.1083035	3.1820535	2.2558035	1.3295535	0.4033035
8.893235	7.966985	7.040735	6.114485	5.188235	4.261985	3.335735	2.409485	1.483235	0.556985
9.0467455	8.1204955	7.1942455	6.2679955	5.3417455	4.4154955	3.4892455	2.5629955	1.6367455	0.7104955
9.200028	8.273778	7.347528	6.421278	5.495028	4.568778	3.642528	2.716278	1.790028	0.863778
9.353035	8.426785	7.500535	6.574285	5.648035	4.721785	3.795535	2.869285	1.943035	1.016785
9.5057	8.57945	7.6532	6.72695	5.8007	4.87445	3.9482	3.02195	2.0957	1.16945
9.65808	8.73183	7.80558	6.87933	5.95308	5.02683	4.10058	3.17433	2.24808	1.32183
9.809985	8.883735	7.957485	7.031235	6.104985	5.178735	4.252485	3.326235	2.399985	1.473735
9.961415	9.035165	8.108915	7.182665	6.256415	5.330165	4.403915	3.477665	2.551415	1.625165
10.112275	9.186025	8.259775	7.333525	6.407275	5.481025	4.554775	3.628525	2.702275	1.776025
10.26266	9.33641	8.41016	7.48391	6.55766	5.63141	4.70516	3.77891	2.85266	1.92641
10.41238	9.48613	8.55988	7.63363	6.70738	5.78113	4.85488	3.92863	3.00238	2.07613
10.561435	9.635185	8.708935	7.782685	6.856435	5.930185	5.003935	4.077685	3.151435	2.225185
10.70973	9.78348	8.85723	7.93098	7.00473	6.07848	5.15223	4.22598	3.29973	2.37348
10.85736	9.93111	9.00486	8.07861	7.15236	6.22611	5.29986	4.37361	3.44736	2.52111
11.004135	10.077885	9.151635	8.225385	7.299135	6.372885	5.446635	4.520385	3.594135	2.667885
11.150055	10.223805	9.297555	8.371305	7.445055	6.518805	5.592555	4.666305	3.740055	2.813805
11.295025	10.368775	9.442525	8.516275	7.590025	6.663775	5.737525	4.811275	3.885025	2.958775
11.43914	10.51289	9.58664	8.66039	7.73414	6.80789	5.88164	4.95539	4.02914	3.10289
11.58221	10.65596	9.72971	8.80346	7.87721	6.95096	6.02471	5.09846	4.17221	3.24596
11.724235	10.797985	9.871735	8.945485	8.019235	7.092985	6.166735	5.240485	4.314235	3.387985
11.86512	10.93887	10.01262	9.08637	8.16012	7.23387	6.30762	5.38137	4.45512	3.52887
12.00496	11.07871	10.15246	9.22621	8.29996	7.37371	6.44746	5.52121	4.59496	3.66871
12.143565	11.217315	10.291065	9.364815	8.438565	7.512315	6.586065	5.659815	4.733565	3.807315
12.280935	11.354685	10.428435	9.502185	8.575935	7.649685	6.723435	5.797185	4.870935	3.944685
12.41707	11.49082	10.56457	9.63832	8.71207	7.78582	6.85957	5.93332	5.00707	4.08082
12.551875	11.625625	10.699375	9.773125	8.846875	7.920625	6.994375	6.068125	5.141875	4.215625
12.68535	11.7591	10.83285	9.9066	8.98035	8.0541	7.12785	6.2016	5.27535	4.3491
12.8174	11.89115	10.9649	10.03865	9.1124	8.18615	7.2599	6.33365	5.4074	4.48115
12.94793	12.02168	11.09543	10.16918	9.24293	8.31668	7.39043	6.46418	5.53793	4.61168
13.077035	12.150785	11.224535	10.298285	9.372035	8.445785	7.519535	6.593285	5.667035	4.740785
13.20462	12.27837	11.35212	10.42587	9.49962	8.57337	7.64712	6.72087	5.79462	4.86837
13.330685	12.404435	11.478185	10.551935	9.625685	8.699435	7.773185	6.846935	5.920685	4.994435
13.455135	12.528885	11.602635	10.676385	9.750135	8.823885	7.897635	6.971385	6.045135	5.118885
13.577875	12.651625	11.725375	10.799125	9.872875	8.946625	8.020375	7.094125	6.167875	5.241625
13.698905	12.772655	11.846405	10.920155	9.993905	9.067655	8.141405	7.215155	6.288905	5.362655
13.818225	12.891975	11.965725	11.039475	10.113225	9.186975	8.260725	7.334475	6.408225	5.481975
13.935835	13.009585	12.083335	11.157085	10.230835	9.304585	8.378335	7.452085	6.525835	5.599585
14.051545	13.125295	12.199045	11.272795	10.346545	9.420295	8.494045	7.567795	6.641545	5.715295
14.165545	13.239295	12.313045	11.386795	10.460545	9.534295	8.608045	7.681795	6.755545	5.829295
14.27755	13.3513	12.42505	11.4988	10.57255	9.6463	8.72005	7.7938	6.86755	5.9413
14.387655	13.461405	12.535155	11.608905	10.682655	9.756405	8.830155	7.903905	6.977655	6.051405
14.49586	13.56961	12.64336	11.71711	10.79086	9.86461	8.93836	8.01211	7.08586	6.15961
14.601975	13.675725	12.749475	11.823225	10.896975	9.970725	9.044475	8.118225	7.191975	6.265725
14.70619	13.77994	12.85369	11.92744	11.00119	10.07494	9.14869	8.22244	7.29619	6.36994
14.80822	13.88197	12.95572	12.02947	11.10322	10.17697	9.25072	8.32447	7.39822	6.47197
14.908255	13.982005	13.055755	12.129505	11.203255	10.277005	9.350755	8.424505	7.498255	6.572005
15.0062	14.07995	13.1537	12.22745	11.3012	10.37495	9.4487	8.52245	7.5962	6.66995
15.101865	14.175615	13.249365	12.323115	11.396865	10.470615	9.544365	8.618115	7.691865	6.765615
15.19544	14.26919	13.34294	12.41669	11.49044	10.56419	9.63794	8.71169	7.78544	6.85919
15.286735	14.360485	13.434235	12.507985	11.581735	10.655485	9.729235	8.802985	7.876735	6.950485
15.375845	14.449595	13.523345	12.597095	11.670845	10.744595	9.818345	8.892095	7.965845	7.039595
15.462675	14.536425	13.610175	12.683925	11.757675	10.831425	9.905175	8.978925	8.052675	7.126425
15.547225	14.620975	13.694725	12.768475	11.842225	10.915975	9.989725	9.063475	8.137225	7.210975
15.6294	14.70315	13.7769	12.85065	11.9244	10.99815	10.0719	9.14565	8.2194	7.29315
15.7092	14.78295	13.8567	12.93045	12.0042	11.07795	10.1517	9.22545	8.2992	7.37295
15.78672	14.86047	13.93422	13.00797	12.08172	11.15547	10.22922	9.30297	8.37672	7.45047
15.86177	14.93552	14.00927	13.08302	12.15677	11.23052	10.30427	9.37802	8.45177	7.52552
15.93435	15.0081	14.08185	13.1556	12.22935	11.3031	10.37685	9.4506	8.52435	7.5981
16.004555	15.078305	14.152055	13.225805	12.299555	11.373305	10.447055	9.520805	8.594555	7.668305
16.072195	15.145945	14.219695	13.293445	12.367195	11.440945	10.514695	9.588445	8.662195	7.735945
16.137365	15.211115	14.284865	13.358615	12.432365	11.506115	10.579865	9.653615	8.727365	7.801115
16.200065	15.273815	14.347565	13.421315	12.495065	11.568815	10.642565	9.716315	8.790065	7.863815
16.2602	15.33395	14.4077	13.48145	12.5552	11.62895	10.7027	9.77645	8.8502	7.92395
16.31777	15.39152	14.46527	13.53902	12.61277	11.68652	10.76027	9.83402	8.90777	7.98152
16.372775	15.446525	14.520275	13.594025	12.667775	11.741525	10.815275	9.889025	8.962775	8.036525
16.42512	15.49887	14.57262	13.64637	12.72012	11.79387	10.86762	9.94137	9.01512	8.08887
16.4749	15.54865	14.6224	13.69615	12.7699	11.84365	10.9174	9.99115	9.0649	8.13865
16.52202	15.59577	14.66952	13.74327	12.81702	11.89077	10.96452	10.03827	9.11202	8.18577
16.566575	15.640325	14.714075	13.787825	12.861575	11.935325	11.009075	10.082825	9.156575	8.230325
16.60847	15.68222	14.75597	13.82972	12.90347	11.97722	11.05097	10.12472	9.19847	8.27222
16.64761	15.72136	14.79511	13.86886	12.94261	12.01636	11.09011	10.16386	9.23761	8.31136
16.68409	15.75784	14.83159	13.90534	12.97909	12.05284	11.12659	10.20034	9.27409	8.34784
16.71791	15.79166	14.86541	13.93916	13.01291	12.08666	11.16041	10.23416	9.30791	8.38166
16.748975	15.822725	14.896475	13.970225	13.043975	12.117725	11.191475	10.265225	9.338975	8.412725
16.77738	15.85113	14.92488	13.99863	13.07238	12.14613	11.21988	10.29363	9.36738	8.44113
16.802935	15.876685	14.950435	14.024185	13.097935	12.171685	11.245435	10.319185	9.392935	8.466685
16.825925	15.899675	14.973425	14.047175	13.120925	12.194675	11.268425	10.342175	9.415925	8.489675
16.846065	15.919815	14.993565	14.067315	13.141065	12.214815	11.288565	10.362315	9.436065	8.509815
16.86345	15.9372	15.01095	14.0847	13.15845	12.2322	11.30595	10.3797	9.45345	8.5272
16.87808	15.95183	15.02558	14.09933	13.17308	12.24683	11.32058	10.39433	9.46808	8.54183
16.89005	15.9638	15.03755	14.1113	13.18505	12.2588	11.33255	10.4063	9.48005	8.5538
16.89917	15.97292	15.04667	14.12042	13.19417	12.26792	11.34167	10.41542	9.48917	8.56292
16.905535	15.979285	15.053035	14.126785	13.200535	12.274285	11.348035	10.421785	9.495535	8.569285
16.909145	15.982895	15.056645	14.130395	13.204145	12.277895	11.351645	10.425395	9.499145	8.572895
16.909905	15.983655	15.057405	14.131155	13.204905	12.278655	11.352405	10.426155	9.499905	8.573655
16.908005	15.981755	15.055505	14.129255	13.203005	12.276755	11.350505	10.424255	9.498005	8.571755
16.903255	15.977005	15.050755	14.124505	13.198255	12.272005	11.345755	10.419505	9.493255	8.567005
16.895845	15.969595	15.043345	14.117095	13.190845	12.264595	11.338345	10.412095	9.485845	8.559595
16.885585	15.959335	15.033085	14.106835	13.180585	12.254335	11.328085	10.401835	9.475585	8.549335
16.87257	15.94632	15.02007	14.09382	13.16757	12.24132	11.31507	10.38882	9.46257	8.53632
16.8568	15.93055	15.0043	14.07805	13.1518	12.22555	11.2993	10.37305	9.4468	8.52055
16.838275	15.912025	14.985775	14.059525	13.133275	12.207025	11.280775	10.354525	9.428275	8.502025
16.816995	15.890745	14.964495	14.038245	13.111995	12.185745	11.259495	10.333245	9.406995	8.480745
16.793055	15.866805	14.940555	14.014305	13.088055	12.161805	11.235555	10.309305	9.383055	8.456805
16.766265	15.840015	14.913765	13.987515	13.061265	12.135015	11.208765	10.282515	9.356265	8.430015
16.736815	15.810565	14.884315	13.958065	13.031815	12.105565	11.179315	10.253065	9.326815	8.400565
16.70461	15.77836	14.85211	13.92586	12.99961	12.07336	11.14711	10.22086	9.29461	8.36836
16.669745	15.743495	14.817245	13.890995	12.964745	12.038495	11.112245	10.185995	9.259745	8.333495
16.63222	15.70597	14.77972	13.85347	12.92722	12.00097	11.07472	10.14847	9.22222	8.29597
16.59194	15.66569	14.73944	13.81319	12.88694	11.96069	11.03444	10.10819	9.18194	8.25569
16.549	15.62275	14.6965	13.77025	12.844	11.91775	10.9915	10.06525	9.139	8.21275
16.503495	15.577245	14.650995	13.724745	12.798495	11.872245	10.945995	10.019745	9.093495	8.167245
16.455235	15.528985	14.602735	13.676485	12.750235	11.823985	10.897735	9.971485	9.045235	8.118985
16.40441	15.47816	14.55191	13.62566	12.69941	11.77316	10.84691	9.92066	8.99441	8.06816
16.35102	15.42477	14.49852	13.57227	12.64602	11.71977	10.79352	9.86727	8.94102	8.01477
16.29497	15.36872	14.44247	13.51622	12.58997	11.66372	10.73747	9.81122	8.88497	7.95872
16.236355	15.310105	14.383855	13.457605	12.531355	11.605105	10.678855	9.752605	8.826355	7.900105
16.175175	15.248925	14.322675	13.396425	12.470175	11.543925	10.617675	9.691425	8.765175	7.838925
16.111525	15.185275	14.259025	13.332775	12.406525	11.480275	10.554025	9.627775	8.701525	7.775275
16.04531	15.11906	14.19281	13.26656	12.34031	11.41406	10.48781	9.56156	8.63531	7.70906
15.976625	15.050375	14.124125	13.197875	12.271625	11.345375	10.419125	9.492875	8.566625	7.640375
15.90547	14.97922	14.05297	13.12672	12.20047	11.27422	10.34797	9.42172	8.49547	7.56922
15.83194	14.90569	13.97944	13.05319	12.12694	11.20069	10.27444	9.34819	8.42194	7.49569
15.75594	14.82969	13.90344	12.97719	12.05094	11.12469	10.19844	9.27219	8.34594	7.41969
15.67747	14.75122	13.82497	12.89872	11.97247	11.04622	10.11997	9.19372	8.26747	7.34122
15.59672	14.67047	13.74422	12.81797	11.89172	10.96547	10.03922	9.11297	8.18672	7.26047
15.513595	14.587345	13.661095	12.734845	11.808595	10.882345	9.956095	9.029845	8.103595	7.177345
15.428095	14.501845	13.575595	12.649345	11.723095	10.796845	9.870595	8.944345	8.018095	7.091845
15.34041	14.41416	13.48791	12.56166	11.63541	10.70916	9.78291	8.85666	7.93041	7.00416
15.250445	14.324195	13.397945	12.471695	11.545445	10.619195	9.692945	8.766695	7.840445	6.914195
15.1582	14.23195	13.3057	12.37945	11.4532	10.52695	9.6007	8.67445	7.7482	6.82195
15.06377	14.13752	13.21127	12.28502	11.35877	10.43252	9.50627	8.58002	7.65377	6.72752
14.967155	14.040905	13.114655	12.188405	11.262155	10.335905	9.409655	8.483405	7.557155	6.630905
14.868355	13.942105	13.015855	12.089605	11.163355	10.237105	9.310855	8.384605	7.458355	6.532105
14.76756	13.84131	12.91506	11.98881	11.06256	10.13631	9.21006	8.28381	7.35756	6.43131
14.66458	13.73833	12.81208	11.88583	10.95958	10.03333	9.10708	8.18083	7.25458	6.32833
14.559605	13.633355	12.707105	11.780855	10.854605	9.928355	9.002105	8.075855	7.149605	6.223355
14.452635	13.526385	12.600135	11.673885	10.747635	9.821385	8.895135	7.968885	7.042635	6.116385
14.34367	13.41742	12.49117	11.56492	10.63867	9.71242	8.78617	7.85992	6.93367	6.00742
14.232805	13.306555	12.380305	11.454055	10.527805	9.601555	8.675305	7.749055	6.822805	5.896555
14.12004	13.19379	12.26754	11.34129	10.41504	9.48879	8.56254	7.63629	6.71004	5.78379
14.005375	13.079125	12.152875	11.226625	10.300375	9.374125	8.447875	7.521625	6.595375	5.669125
13.888905	12.962655	12.036405	11.110155	10.183905	9.257655	8.331405	7.405155	6.478905	5.552655
13.770535	12.844285	11.918035	10.991785	10.065535	9.139285	8.213035	7.286785	6.360535	5.434285
13.65055	12.7243	11.79805	10.8718	9.94555	9.0193	8.09305	7.1668	6.24055	5.3143
13.52876	12.60251	11.67626	10.75001	9.82376	8.89751	7.97126	7.04501	6.11876	5.19251
13.405355	12.479105	11.552855	10.626605	9.700355	8.774105	7.847855	6.921605	5.995355	5.069105
13.280335	12.354085	11.427835	10.501585	9.575335	8.649085	7.722835	6.796585	5.870335	4.944085
