# Daily maximum air temperature (degree C)
365
1 2 3 4 5 6 7 8 9 10 11 12 13 14 15 16 17 18 19 20 21 22 23 24 25 26 27 28 29 30 31 32 33 34 35 36 37 38 39 40 41 42 43 44 45 46 47 48 49 50 51 52 53 54 55 56 57 58 59 60 61 62 63 64 65 66 67 68 69 70 71 72 73 74 75 76 77 78 79 80 81 82 83 84 85 86 87 88 89 90 91 92 93 94 95 96 97 98 99 100 101 102 103 104 105 106 107 108 109 110 111 112 113 114 115 116 117 118 119 120 121 122 123 124 125 126 127 128 129 130 131 132 133 134 135 136 137 138 139 140 141 142 143 144 145 146 147 148 149 150 151 152 153 154 155 156 157 158 159 160 161 162 163 164 165 166 167 168 169 170 171 172 173 174 175 176 177 178 179 180 181 182 183 184 185 186 187 188 189 190 191 192 193 194 195 196 197 198 199 200 201 202 203 204 205 206 207 208 209 210 211 212 213 214 215 216 217 218 219 220 221 222 223 224 225 226 227 228 229 230 231 232 233 234 235 236 237 238 239 240 241 242 243 244 245 246 247 248 249 250 251 252 253 254 255 256 257 258 259 260 261 262 263 264 265 266 267 268 269 270 271 272 273 274 275 276 277 278 279 280 281 282 283 284 285 286 287 288 289 290 291 292 293 294 295 296 297 298 299 300 301 302 303 304 305 306 307 308 309 310 311 312 313 314 315 316 317 318 319 320 321 322 323 324 325 326 327 328 329 330 331 332 333 334 335 336 337 338 339 340 341 342 343 344 345 346 347 348 349 350 351 352 353 354 355 356 357 358 359 360 361 362 363 364 365 
10 
1 2 3 4 5 6 7 8 9 10 
15.70872975	14.73616725	13.76360475	12.79104225	11.81847975	10.84591725	9.87335475	8.90079225	7.92822975	6.95566725
15.60489	14.6323275	13.659765	12.6872025	11.71464	10.7420775	9.769515	8.7969525	7.82439	6.8518275
15.49885575	14.52629325	13.55373075	12.58116825	11.60860575	10.63604325	9.66348075	8.69091825	7.71835575	6.74579325
15.390627	14.4180645	13.445502	12.4729395	11.500377	10.5278145	9.555252	8.5826895	7.610127	6.6375645
15.2803035	14.307741	13.3351785	12.362616	11.3900535	10.417491	9.4449285	8.472366	7.4998035	6.527241
15.1677855	14.195223	13.2226605	12.250098	11.2775355	10.304973	9.3324105	8.359848	7.3872855	6.414723
15.0532725	14.08071	13.1081475	12.135585	11.1630225	10.19046	9.2178975	8.245335	7.2727725	6.30021
14.93666475	13.96410225	12.99153975	12.01897725	11.04641475	10.07385225	9.10128975	8.12872725	7.15616475	6.18360225
14.81816175	13.84559925	12.87303675	11.90047425	10.92791175	9.95534925	8.98278675	8.01022425	7.03766175	6.06509925
14.69766375	13.72510125	12.75253875	11.77997625	10.80741375	9.83485125	8.86228875	7.88972625	6.91716375	5.94460125
14.57517075	13.60260825	12.63004575	11.65748325	10.68492075	9.71235825	8.73979575	7.76723325	6.79467075	5.82210825
14.45088225	13.47831975	12.50575725	11.53319475	10.56063225	9.58806975	8.61550725	7.64294475	6.67038225	5.69781975
14.3246985	13.352136	12.3795735	11.407011	10.4344485	9.461886	8.4893235	7.516761	6.5441985	5.571636
14.19671925	13.22415675	12.25159425	11.27903175	10.30646925	9.33390675	8.36134425	7.38878175	6.41621925	5.44365675
14.06704425	13.09448175	12.12191925	11.14935675	10.17679425	9.20423175	8.23166925	7.25910675	6.28654425	5.31398175
13.9356735	12.963111	11.9905485	11.017986	10.0454235	9.072861	8.1002985	7.127736	6.1551735	5.182611
13.80250725	12.82994475	11.85738225	10.88481975	9.91225725	8.93969475	7.96713225	6.99456975	6.02200725	5.04944475
13.66784475	12.69528225	11.72271975	10.75015725	9.77759475	8.80503225	7.83246975	6.85990725	5.88734475	4.91478225
13.5314865	12.558924	11.5863615	10.613799	9.6412365	8.668674	7.6961115	6.723549	5.7509865	4.778424
13.393632	12.4210695	11.448507	10.4759445	9.503382	8.5308195	7.558257	6.5856945	5.613132	4.6405695
13.25428125	12.28171875	11.30915625	10.33659375	9.36403125	8.39146875	7.41890625	6.44634375	5.47378125	4.50121875
13.113534	12.1409715	11.168409	10.1958465	9.223284	8.2507215	7.278159	6.3055965	5.333034	4.3604715
12.9712905	11.998728	11.0261655	10.053603	9.0810405	8.108478	7.1359155	6.163353	5.1907905	4.218228
12.82775025	11.85518775	10.88262525	9.91006275	8.93750025	7.96493775	6.99237525	6.01981275	5.04725025	4.07468775
12.68291325	11.71035075	10.73778825	9.76522575	8.79266325	7.82010075	6.84753825	5.87497575	4.90241325	3.92985075
12.5367795	11.564217	10.5916545	9.619092	8.6465295	7.673967	6.7014045	5.728842	4.7562795	3.783717
12.38944875	11.41688625	10.44432375	9.47176125	8.49919875	7.52663625	6.55407375	5.58151125	4.60894875	3.63638625
12.240921	11.2683585	10.295796	9.3232335	8.350671	7.3781085	6.405546	5.4329835	4.460421	3.4878585
12.091296	11.1187335	10.146171	9.1736085	8.201046	7.2284835	6.255921	5.2833585	4.310796	3.3382335
11.94057375	10.96801125	9.99544875	9.02288625	8.05032375	7.07776125	6.10519875	5.13263625	4.16007375	3.18751125
11.78875425	10.81619175	9.84362925	8.87106675	7.89850425	6.92594175	5.95337925	4.98081675	4.00825425	3.03569175
11.636037	10.6634745	9.690912	8.7183495	7.745787	6.7732245	5.800662	4.8280995	3.855537	2.8829745
11.482422	10.5098595	9.537297	8.5647345	7.592172	6.6196095	5.647047	4.6744845	3.701922	2.7293595
11.32790925	10.35534675	9.38278425	8.41022175	7.43765925	6.46509675	5.49253425	4.51997175	3.54740925	2.57484675
11.1725985	10.200036	9.2274735	8.254911	7.2823485	6.309786	5.3372235	4.364661	3.3920985	2.419536
11.01648975	10.04392725	9.07136475	8.09880225	7.12623975	6.15367725	5.18111475	4.20855225	3.23598975	2.26342725
10.859583	9.8870205	8.914458	7.9418955	6.969333	5.9967705	5.024208	4.0516455	3.079083	2.1065205
10.70207775	9.72951525	8.75695275	7.78439025	6.81182775	5.83926525	4.86670275	3.89414025	2.92157775	1.94901525
10.543974	9.5714115	8.598849	7.6262865	6.653724	5.6811615	4.708599	3.7360365	2.763474	1.7909115
10.38527175	9.41270925	8.44014675	7.46758425	6.49502175	5.52245925	4.54989675	3.57733425	2.60477175	1.63220925
10.225971	9.2534085	8.280846	7.3082835	6.335721	5.3631585	4.390596	3.4180335	2.445471	1.4729085
10.06627125	9.09370875	8.12114625	7.14858375	6.17602125	5.20345875	4.23089625	3.25833375	2.28577125	1.31320875
9.9061725	8.93361	7.9610475	6.988485	6.0159225	5.04336	4.0707975	3.098235	2.1256725	1.15311
9.745684725	8.773122225	7.800559725	6.827997225	5.855434725	4.882872225	3.910309725	2.937747225	1.965184725	0.992622225
9.584887725	8.612325225	7.639762725	6.667200225	5.694637725	4.722075225	3.749512725	2.776950225	1.804387725	0.831825225
9.4238214	8.4512589	7.4786964	6.5061339	5.5335714	4.5610089	3.5884464	2.6158839	1.6433214	0.6707589
9.2625456	8.2899831	7.3174206	6.3448581	5.3722956	4.3997331	3.4271706	2.4546081	1.4820456	0.5094831
9.101120175	8.128557675	7.155995175	6.183432675	5.210870175	4.238307675	3.265745175	2.293182675	1.320620175	0.348057675
8.939585025	7.967022525	6.994460025	6.021897525	5.049335025	4.076772525	3.104210025	2.131647525	1.159085025	0.186522525
8.778	7.8054375	6.832875	5.8603125	4.88775	3.9151875	2.942625	1.9700625	0.9975	0.0249375
8.616414975	7.643852475	6.671289975	5.698727475	4.726164975	3.753602475	2.781039975	1.808477475	0.835914975	-0.136647525
8.454879825	7.482317325	6.509754825	5.537192325	4.564629825	3.592067325	2.619504825	1.646942325	0.674379825	-0.298182675
8.2934544	7.3208919	6.3483294	5.3757669	4.4032044	3.4306419	2.4580794	1.4855169	0.5129544	-0.4596081
8.1321786	7.1596161	6.1870536	5.2144911	4.2419286	3.2693661	2.2968036	1.3242411	0.3516786	-0.6208839
7.971112275	6.998549775	6.025987275	5.053424775	4.080862275	3.108299775	2.135737275	1.163174775	0.190612275	-0.781950225
7.810315275	6.837752775	5.865190275	4.892627775	3.920065275	2.947502775	1.974940275	1.002377775	0.029815275	-0.942747225
7.6498275	6.677265	5.7047025	4.73214	3.7595775	2.787015	1.8144525	0.84189	-0.1306725	-1.103235
7.489698825	6.517136325	5.544573825	4.572011325	3.599448825	2.626886325	1.654323825	0.681761325	-0.290801175	-1.263363675
7.329999075	6.357436575	5.384874075	4.412311575	3.439749075	2.467186575	1.494624075	0.522061575	-0.450500925	-1.423063425
7.170758175	6.198195675	5.225633175	4.253070675	3.280508175	2.307945675	1.335383175	0.362820675	-0.609741825	-1.582304325
7.01204595	6.03948345	5.06692095	4.09435845	3.12179595	2.14923345	1.17667095	0.20410845	-0.76845405	-1.74101655
6.8539023	5.8813398	4.9087773	3.9362148	2.9636523	1.9910898	1.0185273	0.0459648	-0.9265977	-1.8991602
6.696387075	5.723824575	4.751262075	3.778699575	2.806137075	1.833574575	0.861012075	-0.111550425	-1.084112925	-2.056675425
6.539540175	5.566977675	4.594415175	3.621852675	2.649290175	1.676727675	0.704165175	-0.268397325	-1.240959825	-2.213522325
6.38342145	5.41085895	4.43829645	3.46573395	2.49317145	1.52060895	0.54804645	-0.42451605	-1.39707855	-2.36964105
6.2280708	5.2555083	4.2829458	3.3103833	2.3378208	1.3652583	0.3926958	-0.5798667	-1.5524292	-2.5249917
6.07355805	5.10099555	4.12843305	3.15587055	2.18330805	1.21074555	0.23818305	-0.73437945	-1.70694195	-2.67950445
5.919913125	4.947350625	3.974788125	3.002225625	2.029663125	1.057100625	0.084538125	-0.888024375	-1.860586875	-2.833149375
5.767195875	4.794633375	3.822070875	2.849508375	1.876945875	0.904383375	-0.068179125	-1.040741625	-2.013304125	-2.985866625
5.615456175	4.642893675	3.670331175	2.697768675	1.725206175	0.752643675	-0.219918825	-1.192481325	-2.165043825	-3.137606325
5.4647439	4.4921814	3.5196189	2.5470564	1.5744939	0.6019314	-0.3706311	-1.3431936	-2.3157561	-3.2883186
5.31509895	4.34253645	3.36997395	2.39741145	1.42484895	0.45228645	-0.52027605	-1.49283855	-2.46540105	-3.43796355
5.166581175	4.194018675	3.221456175	2.248893675	1.276331175	0.303768675	-0.668793825	-1.641356325	-2.613918825	-3.586481325
5.019230475	4.046667975	3.074105475	2.101542975	1.128980475	0.156417975	-0.816144525	-1.788707025	-2.761269525	-3.733832025
4.873096725	3.900534225	2.927971725	1.955409225	0.982846725	0.010284225	-0.962278275	-1.934840775	-2.907403275	-3.879965775
4.7282298	3.7556673	2.7831048	1.8105423	0.8379798	-0.1345827	-1.1071452	-2.0797077	-3.0522702	-4.0248327
4.5846696	3.6121071	2.6395446	1.6669821	0.6944196	-0.2781429	-1.2507054	-2.2232679	-3.1958304	-4.1683929
4.442475975	3.469913475	2.497350975	1.524788475	0.552225975	-0.420336525	-1.392899025	-2.365461525	-3.338024025	-4.310586525
4.301688825	3.329126325	2.356563825	1.384001325	0.411438825	-0.561123675	-1.533686175	-2.506248675	-3.478811175	-4.451373675
4.16234805	3.18978555	2.21722305	1.24466055	0.27209805	-0.70046445	-1.67302695	-2.64558945	-3.61815195	-4.59071445
4.02449355	3.05193105	2.07936855	1.10680605	0.13424355	-0.83831895	-1.81088145	-2.78344395	-3.75600645	-4.72856895
3.88819515	2.91563265	1.94307015	0.97050765	-0.00205485	-0.97461735	-1.94717985	-2.91974235	-3.89230485	-4.86486735
3.7534728	2.7809103	1.8083478	0.8357853	-0.1367772	-1.1093397	-2.0819022	-3.0544647	-4.0270272	-4.9995897
3.620376375	2.647813875	1.675251375	0.702688875	-0.269873625	-1.242436125	-2.214998625	-3.187561125	-4.160123625	-5.132686125
3.48895575	2.51639325	1.54383075	0.57126825	-0.40129425	-1.37385675	-2.34641925	-3.31898175	-4.29154425	-5.26410675
3.35924085	2.38667835	1.41411585	0.44155335	-0.53100915	-1.50357165	-2.47613415	-3.44869665	-4.42125915	-5.39382165
3.231291525	2.258729025	1.286166525	0.313604025	-0.658958475	-1.631520975	-2.604083475	-3.576645975	-4.549208475	-5.521770975
3.1051377	2.1325752	1.1600127	0.1874502	-0.7851123	-1.7576748	-2.7302373	-3.7027998	-4.6753623	-5.6479248
2.980819275	2.008256775	1.035694275	0.063131775	-0.909430725	-1.881993225	-2.854555725	-3.827118225	-4.799680725	-5.772243225
2.85837615	1.88581365	0.91325115	-0.05931135	-1.03187385	-2.00443635	-2.97699885	-3.94956135	-4.92212385	-5.89468635
2.737848225	1.765285725	0.792723225	-0.179839275	-1.152401775	-2.124964275	-3.097526775	-4.070089275	-5.042651775	-6.015214275
2.619285375	1.646722875	0.674160375	-0.298402125	-1.270964625	-2.243527125	-3.216089625	-4.188652125	-5.161214625	-6.133777125
2.502717525	1.530155025	0.557592525	-0.414969975	-1.387532475	-2.360094975	-3.332657475	-4.305219975	-5.277782475	-6.250344975
2.3881746	1.4156121	0.4430496	-0.5295129	-1.5020754	-2.4746379	-3.4472004	-4.4197629	-5.3923254	-6.3648879
2.27571645	1.30315395	0.33059145	-0.64197105	-1.61453355	-2.58709605	-3.55965855	-4.53222105	-5.50478355	-6.47734605
2.16535305	1.19279055	0.22022805	-0.75233445	-1.72489695	-2.69745945	-3.67002195	-4.64258445	-5.61514695	-6.58770945
2.057134275	1.084571775	0.112009275	-0.860553225	-1.833115725	-2.805678225	-3.778240725	-4.750803225	-5.723365725	-6.695928225
1.95109005	0.97852755	0.00596505	-0.96659745	-1.93915995	-2.91172245	-3.88428495	-4.85684745	-5.82940995	-6.80197245
1.84727025	0.87470775	-0.09785475	-1.07041725	-2.04297975	-3.01554225	-3.98810475	-4.96066725	-5.93322975	-6.90579225
1.74568485	0.77312235	-0.19944015	-1.17200265	-2.14456515	-3.11712765	-4.08969015	-5.06225265	-6.03481515	-7.00737765
1.64637375	0.67381125	-0.29875125	-1.27131375	-2.24387625	-3.21643875	-4.18900125	-5.16156375	-6.13412625	-7.10668875
1.549386825	0.576824325	-0.395738175	-1.368300675	-2.340863175	-3.313425675	-4.285988175	-5.258550675	-6.231113175	-7.203675675
1.45473405	0.48217155	-0.49039095	-1.46295345	-2.43551595	-3.40807845	-4.38064095	-5.35320345	-6.32576595	-7.29832845
1.362455325	0.389892825	-0.582669675	-1.555232175	-2.527794675	-3.500357175	-4.472919675	-5.445482175	-6.418044675	-7.390607175
1.272580575	0.300018075	-0.672544425	-1.645106925	-2.617669425	-3.590231925	-4.562794425	-5.535356925	-6.507919425	-7.480481925
1.18512975	0.21256725	-0.75999525	-1.73255775	-2.70512025	-3.67768275	-4.65024525	-5.62280775	-6.59537025	-7.56793275
1.10014275	0.12758025	-0.84498225	-1.81754475	-2.79010725	-3.76266975	-4.73523225	-5.70779475	-6.68035725	-7.65291975
1.0176495	0.045087	-0.9274755	-1.900038	-2.8726005	-3.845163	-4.8177255	-5.790288	-6.7628505	-7.735413
0.9376669575	-0.0348955425	-1.0074580425	-1.9800205425	-2.9525830425	-3.9251455425	-4.8977080425	-5.8702705425	-6.8428330425	-7.8153955425
0.86022405	-0.11233845	-1.08490095	-2.05746345	-3.03002595	-4.00258845	-4.97515095	-5.94771345	-6.92027595	-7.89283845
0.7853467125	-0.1872157875	-1.1597782875	-2.1323407875	-3.1049032875	-4.0774657875	-5.0500282875	-6.0225907875	-6.9951532875	-7.9677157875
0.7130578875	-0.2595046125	-1.2320671125	-2.2046296125	-3.1771921125	-4.1497546125	-5.1223171125	-6.0948796125	-7.0674421125	-8.0400046125
0.64338351	-0.32917899	-1.30174149	-2.27430399	-3.24686649	-4.21942899	-5.19199149	-6.16455399	-7.13711649	-8.10967899
0.57634353	-0.39621897	-1.36878147	-2.34134397	-3.31390647	-4.28646897	-5.25903147	-6.23159397	-7.20415647	-8.17671897
0.5119618875	-0.4606006125	-1.4331631125	-2.4057256125	-3.3782881125	-4.3508506125	-5.3234131125	-6.2959756125	-7.2685381125	-8.2411006125
0.450257535	-0.522304965	-1.494867465	-2.467429965	-3.439992465	-4.412554965	-5.385117465	-6.357679965	-7.330242465	-8.302804965
0.39125142	-0.58131108	-1.55387358	-2.52643608	-3.49899858	-4.47156108	-5.44412358	-6.41668608	-7.38924858	-8.36181108
0.334962495	-0.637600005	-1.610162505	-2.582725005	-3.555287505	-4.527850005	-5.500412505	-6.472975005	-7.445537505	-8.418100005
0.2814097125	-0.6911527875	-1.6637152875	-2.6362777875	-3.6088402875	-4.5814027875	-5.5539652875	-6.5265277875	-7.4990902875	-8.4716527875
0.2306090325	-0.7419534675	-1.7145159675	-2.6870784675	-3.6596409675	-4.6322034675	-5.6047659675	-6.5773284675	-7.5498909675	-8.5224534675
0.1825774125	-0.7899850875	-1.7625475875	-2.7351100875	-3.7076725875	-4.6802350875	-5.6527975875	-6.6253600875	-7.5979225875	-8.5704850875
0.13733181	-0.83523069	-1.80779319	-2.78035569	-3.75291819	-4.72548069	-5.69804319	-6.67060569	-7.64316819	-8.61573069
0.094884594	-0.877677906	-1.850240406	-2.822802906	-3.795365406	-4.767927906	-5.740490406	-6.713052906	-7.685615406	-8.658177906
0.0552510263	-0.9173114738	-1.8898739738	-2.8624364738	-3.8349989738	-4.8075614738	-5.7801239738	-6.7526864738	-7.7252489738	-8.6978114738
0.0184435755	-0.9541189245	-1.9266814245	-2.8992439245	-3.8718064245	-4.8443689245	-5.8169314245	-6.7894939245	-7.7620564245	-8.7346189245
-0.015525888	-0.988088388	-1.960650888	-2.933213388	-3.905775888	-4.878338388	-5.850900888	-6.823463388	-7.796025888	-8.768588388
-0.0466463918	-1.0192088918	-1.9917713918	-2.9643338918	-3.9368963918	-4.9094588918	-5.8820213918	-6.8545838918	-7.8271463918	-8.7997088918
-0.0749076615	-1.0474701615	-2.0200326615	-2.9925951615	-3.9651576615	-4.9377201615	-5.9102826615	-6.8828451615	-7.8554076615	-8.8279701615
-0.10030062	-1.07286312	-2.04542562	-3.01798812	-3.99055062	-4.96311312	-5.93567562	-6.90823812	-7.88080062	-8.85336312
-0.1228171875	-1.0953796875	-2.0679421875	-3.0405046875	-4.0130671875	-4.9856296875	-5.9581921875	-6.9307546875	-7.9033171875	-8.8758796875
-0.1424499825	-1.1150124825	-2.0875749825	-3.0601374825	-4.0326999825	-5.0052624825	-5.9778249825	-6.9503874825	-7.9229499825	-8.8955124825
-0.15919302	-1.13175552	-2.10431802	-3.07688052	-4.04944302	-5.02200552	-5.99456802	-6.96713052	-7.93969302	-8.91225552
-0.1730393175	-1.1456018175	-2.1181643175	-3.0907268175	-4.0632893175	-5.0358518175	-6.0084143175	-6.9809768175	-7.9535393175	-8.9261018175
-0.18398688	-1.15654938	-2.12911188	-3.10167438	-4.07423688	-5.04679938	-6.01936188	-6.99192438	-7.96448688	-8.93704938
-0.19203072	-1.16459322	-2.13715572	-3.10971822	-4.08228072	-5.05484322	-6.02740572	-6.99996822	-7.97253072	-8.94509322
-0.197167845	-1.169730345	-2.142292845	-3.114855345	-4.087417845	-5.059980345	-6.032542845	-7.005105345	-7.977667845	-8.950230345
-0.19939626	-1.17195876	-2.14452126	-3.11708376	-4.08964626	-5.06220876	-6.03477126	-7.00733376	-7.97989626	-8.95245876
-0.1987169625	-1.1712794625	-2.1438419625	-3.1164044625	-4.0889669625	-5.0615294625	-6.0340919625	-7.0066544625	-7.9792169625	-8.9517794625
-0.1951299525	-1.1676924525	-2.1402549525	-3.1128174525	-4.0853799525	-5.0579424525	-6.0305049525	-7.0030674525	-7.9756299525	-8.9481924525
-0.18863523	-1.16119773	-2.13376023	-3.10632273	-4.07888523	-5.05144773	-6.02401023	-6.99657273	-7.96913523	-8.94169773
-0.17923479	-1.15179729	-2.12435979	-3.09692229	-4.06948479	-5.04204729	-6.01460979	-6.98717229	-7.95973479	-8.93229729
-0.1669326225	-1.1394951225	-2.1120576225	-3.0846201225	-4.0571826225	-5.0297451225	-6.0023076225	-6.9748701225	-7.9474326225	-8.9199951225
-0.1517327175	-1.1242952175	-2.0968577175	-3.0694202175	-4.0419827175	-5.0145452175	-5.9871077175	-6.9596702175	-7.9322327175	-8.9047952175
-0.133639065	-1.106201565	-2.078764065	-3.051326565	-4.023889065	-4.996451565	-5.969014065	-6.941576565	-7.914139065	-8.886701565
-0.1126586475	-1.0852211475	-2.0577836475	-3.0303461475	-4.0029086475	-4.9754711475	-5.9480336475	-6.9205961475	-7.8931586475	-8.8657211475
-0.088797849	-1.061360349	-2.033922849	-3.006485349	-3.979047849	-4.951610349	-5.924172849	-6.896735349	-7.869297849	-8.841860349
-0.0620639513	-1.0346264513	-2.0071889513	-2.9797514513	-3.9523139513	-4.9248764513	-5.8974389513	-6.8700014513	-7.8425639513	-8.8151264513
-0.0324660315	-1.0050285315	-1.9775910315	-2.9501535315	-3.9227160315	-4.8952785315	-5.8678410315	-6.8404035315	-7.8129660315	-8.7855285315
0	-0.9725760642	-1.9451385642	-2.9177010642	-3.8902635642	-4.8628260642	-5.8353885642	-6.8079510642	-7.7805135642	-8.7530760642
0.0352828718	-0.9372796283	-1.9098421283	-2.8824046283	-3.8549671283	-4.8275296283	-5.8000921283	-6.7726546283	-7.7452171283	-8.7177796283
0.0734119103	-0.8991505898	-1.8717130898	-2.8442755898	-3.8168380898	-4.7894005898	-5.7619630898	-6.7345255898	-7.7070880898	-8.6796505898
0.11436138	-0.85820112	-1.83076362	-2.80332612	-3.77588862	-4.74845112	-5.72101362	-6.69357612	-7.66613862	-8.63870112
0.158117715	-0.814444785	-1.787007285	-2.759569785	-3.732132285	-4.704694785	-5.677257285	-6.649819785	-7.622382285	-8.594944785
0.2046660525	-0.7678964475	-1.7404589475	-2.7130214475	-3.6855839475	-4.6581464475	-5.6307089475	-6.6032714475	-7.5758339475	-8.5483964475
0.2539924275	-0.7185700725	-1.6911325725	-2.6636950725	-3.6362575725	-4.6088200725	-5.5813825725	-6.5539450725	-7.5265075725	-8.4990700725
0.30608088	-0.66648162	-1.63904412	-2.61160662	-3.58416912	-4.55673162	-5.52929412	-6.50185662	-7.47441912	-8.44698162
0.3609144525	-0.6116480475	-1.5842105475	-2.5567730475	-3.5293355475	-4.5018980475	-5.4744605475	-6.4470230475	-7.4195855475	-8.3921480475
0.4184741925	-0.5540883075	-1.5266508075	-2.4992133075	-3.4717758075	-4.4443383075	-5.4169008075	-6.3894633075	-7.3620258075	-8.3345883075
0.4787431425	-0.4938193575	-1.4663818575	-2.4389443575	-3.4115068575	-4.3840693575	-5.3566318575	-6.3291943575	-7.3017568575	-8.2743193575
0.541700355	-0.430862145	-1.403424645	-2.375987145	-3.348549645	-4.321112145	-5.293674645	-6.266237145	-7.238799645	-8.211362145
0.6073268775	-0.3652356225	-1.3377981225	-2.3103606225	-3.2829231225	-4.2554856225	-5.2280481225	-6.2006106225	-7.1731731225	-8.1457356225
0.6755997675	-0.2969627325	-1.2695252325	-2.2420877325	-3.2146502325	-4.1872127325	-5.1597752325	-6.1323377325	-7.1049002325	-8.0774627325
0.7464980775	-0.2260644225	-1.1986269225	-2.1711894225	-3.1437519225	-4.1163144225	-5.0888769225	-6.0614394225	-7.0340019225	-8.0065644225
0.819998865	-0.152563635	-1.125126135	-2.097688635	-3.070251135	-4.042813635	-5.015376135	-5.987938635	-6.960501135	-7.933063635
0.8960771925	-0.0764853075	-1.0490478075	-2.0216103075	-2.9941728075	-3.9667353075	-4.9392978075	-5.9118603075	-6.8844228075	-7.8569853075
0.9747101175	0.0021476175	-0.9704148825	-1.9429773825	-2.9155398825	-3.8881023825	-4.8606648825	-5.8332273825	-6.8057898825	-7.7783523825
1.0558737	0.0833112	-0.8892513	-1.8618138	-2.8343763	-3.8069388	-4.7795013	-5.7520638	-6.7246263	-7.6971888
1.139534025	0.166971525	-0.805590975	-1.778153475	-2.750715975	-3.723278475	-4.695840975	-5.668403475	-6.640965975	-7.613528475
1.22566815	0.25310565	-0.71945685	-1.69201935	-2.66458185	-3.63714435	-4.60970685	-5.58226935	-6.55483185	-7.52739435
1.314256125	0.341693625	-0.630868875	-1.603431375	-2.575993875	-3.548556375	-4.521118875	-5.493681375	-6.466243875	-7.438806375
1.40525805	0.43269555	-0.53986695	-1.51242945	-2.48499195	-3.45755445	-4.43011695	-5.40267945	-6.37524195	-7.34780445
1.498644	0.5260815	-0.446481	-1.4190435	-2.391606	-3.3641685	-4.336731	-5.3092935	-6.281856	-7.2544185
1.594394025	0.621831525	-0.350730975	-1.323293475	-2.295855975	-3.268418475	-4.240980975	-5.213543475	-6.186105975	-7.158668475
1.6924782	0.7199157	-0.2526468	-1.2252093	-2.1977718	-3.1703343	-4.1428968	-5.1154593	-6.0880218	-7.0605843
1.79284665	0.82028415	-0.15227835	-1.12484085	-2.09740335	-3.06996585	-4.04252835	-5.01509085	-5.98765335	-6.96021585
1.895479425	0.922916925	-0.049645575	-1.022208075	-1.994770575	-2.967333075	-3.939895575	-4.912458075	-5.885020575	-6.857583075
2.0003466	1.0277841	0.0552216	-0.9173409	-1.8899034	-2.8624659	-3.8350284	-4.8075909	-5.7801534	-6.7527159
2.107408275	1.134845775	0.162283275	-0.810279225	-1.782841725	-2.755404225	-3.727966725	-4.700529225	-5.673091725	-6.645654225
2.216634525	1.244072025	0.271509525	-0.701052975	-1.673615475	-2.646177975	-3.618740475	-4.591302975	-5.563865475	-6.536427975
2.32798545	1.35542295	0.38286045	-0.58970205	-1.56226455	-2.53482705	-3.50738955	-4.47995205	-5.45251455	-6.42507705
2.44142115	1.46885865	0.49629615	-0.47626635	-1.44882885	-2.42139135	-3.39395385	-4.36651635	-5.33907885	-6.31164135
2.5569117	1.5843492	0.6117867	-0.3607758	-1.3333383	-2.3059008	-3.2784633	-4.2510258	-5.2235883	-6.1961508
2.6744172	1.7018547	0.7292922	-0.2432703	-1.2158328	-2.1883953	-3.1609578	-4.1335203	-5.1060828	-6.0786453
2.793907725	1.821345225	0.848782725	-0.123779775	-1.096342275	-2.068904775	-3.041467275	-4.014029775	-4.986592275	-5.959154775
2.915323425	1.942760925	0.970198425	-0.002364075	-0.974926575	-1.947489075	-2.920051575	-3.892614075	-4.865176575	-5.837739075
3.038654325	2.066091825	1.093529325	0.120966825	-0.851595675	-1.824158175	-2.796720675	-3.769283175	-4.741845675	-5.714408175
3.1638306	2.1912681	1.2187056	0.2461431	-0.7264194	-1.6989819	-2.6715444	-3.6441069	-4.6166694	-5.5892319
3.2908323	2.3182698	1.3457073	0.3731448	-0.5994177	-1.5719802	-2.5445427	-3.5171052	-4.4896677	-5.4622302
3.41960955	2.44704705	1.47448455	0.50192205	-0.47064045	-1.44320295	-2.41576545	-3.38832795	-4.36089045	-5.33345295
3.55012245	2.57755995	1.60499745	0.63243495	-0.34012755	-1.31269005	-2.28525255	-3.25781505	-4.23037755	-5.20294005
3.6823311	2.7097686	1.7372061	0.7646436	-0.2079189	-1.1804814	-2.1530439	-3.1256064	-4.0981689	-5.0707314
3.8161956	2.8436331	1.8710706	0.8985081	-0.0740544	-1.0466169	-2.0191794	-2.9917419	-3.9643044	-4.9368669
3.951666075	2.979103575	2.006541075	1.033978575	0.061416075	-0.911146425	-1.883708925	-2.856271425	-3.828833925	-4.801396425
4.08869265	3.11613015	2.14356765	1.17100515	0.19844265	-0.77411985	-1.74668235	-2.71924485	-3.69180735	-4.66436985
4.2272454	3.2546829	2.2821204	1.3095579	0.3369954	-0.6355671	-1.6081296	-2.5806921	-3.5532546	-4.5258171
4.367264475	3.394701975	2.422139475	1.449576975	0.477014475	-0.495548025	-1.468110525	-2.440673025	-3.413235525	-4.385798025
4.50871995	3.53615745	2.56359495	1.59103245	0.61846995	-0.35409255	-1.32665505	-2.29921755	-3.27178005	-4.24434255
4.65156195	3.67899945	2.70643695	1.73387445	0.76131195	-0.21125055	-1.18381305	-2.15637555	-3.12893805	-4.10150055
4.795730625	3.823168125	2.850605625	1.878043125	0.905480625	-0.067081875	-1.039644375	-2.012206875	-2.984769375	-3.957331875
4.94119605	3.96863355	2.99607105	2.02350855	1.05094605	0.07838355	-0.89417895	-1.86674145	-2.83930395	-3.81186645
5.08790835	4.11534585	3.14278335	2.17022085	1.19765835	0.22509585	-0.74746665	-1.72002915	-2.69259165	-3.66515415
5.235807675	4.263245175	3.290682675	2.318120175	1.345557675	0.372995175	-0.599567325	-1.572129825	-2.544692325	-3.517254825
5.384854125	4.412291625	3.439729125	2.467166625	1.494604125	0.522041625	-0.450520875	-1.423083375	-2.395645875	-3.368208375
5.5350078	4.5624453	3.5898828	2.6173203	1.6447578	0.6721953	-0.3003672	-1.2729297	-2.2454922	-3.2180547
5.68620885	4.71364635	3.74108385	2.76852135	1.79595885	0.82339635	-0.14916615	-1.12172865	-2.09429115	-3.06685365
5.8384074	4.8658449	3.8932824	2.9207199	1.9481574	0.9755949	0.0030324	-0.9695301	-1.9420926	-2.9146551
5.99156355	5.01900105	4.04643855	3.07387605	2.10131355	1.12875105	0.15618855	-0.81637395	-1.78893645	-2.76149895
6.14561745	5.17305495	4.20049245	3.22792995	2.25536745	1.28280495	0.31024245	-0.66232005	-1.63488255	-2.60744505
6.3005292	5.3279667	4.3554042	3.3828417	2.4102792	1.4377167	0.4651542	-0.5074083	-1.4799708	-2.4525333
6.456248925	5.483686425	4.511123925	3.538561425	2.565998925	1.593436425	0.620873925	-0.351688575	-1.324251075	-2.296813575
6.6127068	5.6401443	4.6675818	3.6950193	2.7224568	1.7498943	0.7773318	-0.1952307	-1.1677932	-2.1403557
6.7698729	5.7973104	4.8247479	3.8521854	2.8796229	1.9070604	0.9344979	-0.0380646	-1.0106271	-1.9831896
6.92769735	5.95513485	4.98257235	4.01000985	3.03744735	2.06488485	1.09232235	0.11975985	-0.85280265	-1.82536515
7.086110325	6.113547825	5.140985325	4.168422825	3.195860325	2.223297825	1.250735325	0.278172825	-0.694389675	-1.666952175
7.245071925	6.272509425	5.299946925	4.327384425	3.354821925	2.382259425	1.409696925	0.437134425	-0.535428075	-1.507990575
7.404532275	6.431969775	5.459407275	4.486844775	3.514282275	2.541719775	1.569157275	0.596594775	-0.375967725	-1.348530225
7.5644415	6.591879	5.6193165	4.646754	3.6741915	2.701629	1.7290665	0.756504	-0.2160585	-1.188621
7.72473975	6.75217725	5.77961475	4.80705225	3.83448975	2.86192725	1.88936475	0.91680225	-0.05576025	-1.02832275
7.885387125	6.912824625	5.940262125	4.967699625	3.995137125	3.022574625	2.050012125	1.077449625	0.104887125	-0.867675375
8.0463138	7.0737513	6.1011888	5.1286263	4.1560638	3.1835013	2.2109388	1.2383763	0.2658138	-0.7067487
8.207479875	7.234917375	6.262354875	5.289792375	4.317229875	3.344667375	2.372104875	1.399542375	0.426979875	-0.545582625
8.368835475	7.396272975	6.423710475	5.451147975	4.478585475	3.506022975	2.533460475	1.560897975	0.588335475	-0.384227025
8.53032075	7.55775825	6.58519575	5.61263325	4.64007075	3.66750825	2.69494575	1.72238325	0.74982075	-0.22274175
8.691885825	7.719323325	6.746760825	5.774198325	4.801635825	3.829073325	2.856510825	1.883948325	0.911385825	-0.061176675
8.853480825	7.880918325	6.908355825	5.935793325	4.963230825	3.990668325	3.018105825	2.045543325	1.072980825	0.100418325
9.0150459	8.0424834	7.0699209	6.0973584	5.1247959	4.1522334	3.1796709	2.2071084	1.2345459	0.2619834
9.176531175	8.203968675	7.231406175	6.258843675	5.286281175	4.313718675	3.341156175	2.368593675	1.396031175	0.423468675
9.33789675	8.36533425	7.39277175	6.42020925	5.44764675	4.47508425	3.50252175	2.52995925	1.55739675	0.58483425
9.499082775	8.526520275	7.553957775	6.581395275	5.608832775	4.636270275	3.663707775	2.691145275	1.718582775	0.746020275
9.6600294	8.6874669	7.7149044	6.7423419	5.7697794	4.7972169	3.8246544	2.8520919	1.8795294	0.9069669
9.82068675	8.84812425	7.87556175	6.90299925	5.93043675	4.95787425	3.98531175	3.01274925	2.04018675	1.06762425
9.980985	9.0084225	8.03586	7.0632975	6.090735	5.1181725	4.14561	3.1730475	2.200485	1.2279225
10.140984	9.1684215	8.195859	7.2232965	6.250734	5.2781715	4.305609	3.3330465	2.360484	1.3879215
10.30048425	9.32792175	8.35535925	7.38279675	6.41023425	5.43767175	4.46510925	3.49254675	2.51998425	1.54742175
10.45948575	9.48692325	8.51436075	7.54179825	6.56923575	5.59667325	4.62411075	3.65154825	2.67898575	1.70642325
10.61788875	9.64532625	8.67276375	7.70020125	6.72763875	5.75507625	4.78251375	3.80995125	2.83738875	1.86482625
10.775793	9.8032305	8.830668	7.8581055	6.885543	5.9129805	4.940418	3.9678555	2.995293	2.0227305
10.932999	9.9604365	8.987874	8.0153115	7.042749	6.0701865	5.097624	4.1250615	3.152499	2.1799365
11.08950675	10.11694425	9.14438175	8.17181925	7.19925675	6.22669425	5.25413175	4.28156925	3.30900675	2.33644425
11.2452165	10.272654	9.3000915	8.327529	7.3549665	6.382404	5.4098415	4.437279	3.4647165	2.492154
11.400228	10.4276655	9.455103	8.4825405	7.509978	6.5374155	5.564853	4.5922905	3.619728	2.6471655
11.55434175	10.58177925	9.60921675	8.63665425	7.66409175	6.69152925	5.71896675	4.74640425	3.77384175	2.80127925
11.70755775	10.73499525	9.76243275	8.78987025	7.81730775	6.84474525	5.87218275	4.89962025	3.92705775	2.95449525
11.85977625	10.88721375	9.91465125	8.94208875	7.96952625	6.99696375	6.02440125	5.05183875	4.07927625	3.10671375
12.011097	11.0385345	10.065972	9.0934095	8.120847	7.1482845	6.175722	5.2031595	4.230597	3.2580345
12.1613205	11.188758	10.2161955	9.243633	8.2710705	7.298508	6.3259455	5.353383	4.3808205	3.408258
12.31044675	11.33788425	10.36532175	9.39275925	8.42019675	7.44763425	6.47507175	5.50250925	4.52994675	3.55738425
12.458376	11.4858135	10.513251	9.5406885	8.568126	7.5955635	6.623001	5.6504385	4.677876	3.7053135
12.605208	11.6326455	10.660083	9.6875205	8.714958	7.7423955	6.769833	5.7972705	4.824708	3.8521455
12.75074325	11.77818075	10.80561825	9.83305575	8.86049325	7.88793075	6.91536825	5.94280575	4.97024325	3.99768075
12.89498175	11.92241925	10.94985675	9.97729425	9.00473175	8.03216925	7.05960675	6.08704425	5.11448175	4.14191925
13.0379235	12.065361	11.0927985	10.120236	9.1476735	8.175111	7.2025485	6.229986	5.2574235	4.284861
13.17946875	12.20690625	11.23434375	10.26178125	9.28921875	8.31665625	7.34409375	6.37153125	5.39896875	4.42640625
13.3196175	12.347055	11.3744925	10.40193	9.4293675	8.456805	7.4842425	6.51168	5.5391175	4.566555
13.45827	12.4857075	11.513145	10.5405825	9.56802	8.5954575	7.622895	6.6503325	5.67777	4.7052075
13.5953265	12.622764	11.6502015	10.677639	9.7050765	8.732514	7.7599515	6.787389	5.8148265	4.842264
13.73088675	12.75832425	11.78576175	10.81319925	9.84063675	8.86807425	7.89551175	6.92294925	5.95038675	4.97782425
13.864851	12.8922885	11.919726	10.9471635	9.974601	9.0020385	8.029476	7.0569135	6.084351	5.1117885
13.99721925	13.02465675	12.05209425	11.07953175	10.10696925	9.13440675	8.16184425	7.18928175	6.21671925	5.24415675
14.12789175	13.15532925	12.18276675	11.21020425	10.23764175	9.26507925	8.29251675	7.31995425	6.34739175	5.37482925
14.25676875	13.28420625	12.31164375	11.33908125	10.36651875	9.39395625	8.42139375	7.44883125	6.47626875	5.50370625
14.38385025	13.41128775	12.43872525	11.46616275	10.49360025	9.52103775	8.54847525	7.57591275	6.60335025	5.63078775
14.50913625	13.53657375	12.56401125	11.59144875	10.61888625	9.64632375	8.67376125	7.70119875	6.72863625	5.75607375
14.63262675	13.66006425	12.68750175	11.71493925	10.74237675	9.76981425	8.79725175	7.82468925	6.85212675	5.87956425
14.75412225	13.78155975	12.80899725	11.83643475	10.86387225	9.89130975	8.91874725	7.94618475	6.97362225	6.00105975
14.87382225	13.90125975	12.92869725	11.95613475	10.98357225	10.01100975	9.03844725	8.06588475	7.09332225	6.12075975
14.9914275	14.018865	13.0463025	12.07374	11.1011775	10.128615	9.1560525	8.18349	7.2109275	6.238365
15.10703775	14.13447525	13.16191275	12.18935025	11.21678775	10.24422525	9.27166275	8.29910025	7.32653775	6.35397525
15.220653	14.2480905	13.275528	12.3029655	11.330403	10.3578405	9.385278	8.4127155	7.440153	6.4675905
15.33207375	14.35951125	13.38694875	12.41438625	11.44182375	10.46926125	9.49669875	8.52413625	7.55157375	6.57901125
15.4414995	14.468937	13.4963745	12.523812	11.5512495	10.578687	9.6061245	8.633562	7.6609995	6.688437
15.548631	14.5760685	13.603506	12.6309435	11.658381	10.6858185	9.713256	8.7406935	7.768131	6.7955685
15.65366775	14.68110525	13.70854275	12.73598025	11.76341775	10.79085525	9.81829275	8.84573025	7.87316775	6.90060525
15.75651	14.7839475	13.811385	12.8388225	11.86626	10.8936975	9.921135	8.9485725	7.97601	7.0034475
15.85695825	14.88439575	13.91183325	12.93927075	11.96670825	10.99414575	10.02158325	9.04902075	8.07645825	7.10389575
15.955212	14.9826495	14.010087	13.0375245	12.064962	11.0923995	10.119837	9.1472745	8.174712	7.2021495
16.05107175	15.07850925	14.10594675	13.13338425	12.16082175	11.18825925	10.21569675	9.24313425	8.27057175	7.29800925
16.14463725	15.17207475	14.19951225	13.22694975	12.25438725	11.28182475	10.30926225	9.33669975	8.36413725	7.39157475
16.23580875	15.26324625	14.29068375	13.31812125	12.34555875	11.37299625	10.40043375	9.42787125	8.45530875	7.48274625
16.32458625	15.35202375	14.37946125	13.40689875	12.43433625	11.46177375	10.48921125	9.51664875	8.54408625	7.57152375
16.41087	15.4383075	14.465745	13.4931825	12.52062	11.5480575	10.575495	9.6029325	8.63037	7.6578075
16.49466	15.5220975	14.549535	13.5769725	12.60441	11.6318475	10.659285	9.6867225	8.71416	7.7415975
16.576056	15.6034935	14.630931	13.6583685	12.685806	11.7132435	10.740681	9.7681185	8.795556	7.8229935
16.6548585	15.682296	14.7097335	13.737171	12.7646085	11.792046	10.8194835	9.846921	8.8743585	7.901796
16.7310675	15.758505	14.7859425	13.81338	12.8408175	11.868255	10.8956925	9.92313	8.9505675	7.978005
16.80478275	15.83222025	14.85965775	13.88709525	12.91453275	11.94197025	10.96940775	9.99684525	9.02428275	8.05172025
16.87580475	15.90324225	14.93067975	13.95811725	12.98555475	12.01299225	11.04042975	10.06786725	9.09530475	8.12274225
16.94423325	15.97167075	14.99910825	14.02654575	13.05398325	12.08142075	11.10885825	10.13629575	9.16373325	8.19117075
17.01006825	16.03750575	15.06494325	14.09238075	13.11981825	12.14725575	11.17469325	10.20213075	9.22956825	8.25700575
17.07321	16.1006475	15.128085	14.1555225	13.18296	12.2103975	11.237835	10.2652725	9.29271	8.3201475
17.1336585	16.161096	15.1885335	14.215971	13.2434085	12.270846	11.2982835	10.325721	9.3531585	8.380596
17.19141375	16.21885125	15.24628875	14.27372625	13.30116375	12.32860125	11.35603875	10.38347625	9.41091375	8.43835125
17.246376	16.2738135	15.301251	14.3286885	13.356126	12.3835635	11.411001	10.4384385	9.465876	8.4933135
17.298645	16.3260825	15.35352	14.3809575	13.408395	12.4358325	11.46327	10.4907075	9.518145	8.5455825
17.348121	16.3755585	15.402996	14.4304335	13.457871	12.4853085	11.512746	10.5401835	9.567621	8.5950585
17.39490375	16.42234125	15.44977875	14.47721625	13.50465375	12.53209125	11.55952875	10.58696625	9.61440375	8.64184125
17.4388935	16.466331	15.4937685	14.521206	13.5486435	12.576081	11.6035185	10.630956	9.6583935	8.685831
17.4799905	16.507428	15.5348655	14.562303	13.5897405	12.617178	11.6446155	10.672053	9.6994905	8.726928
17.5182945	16.545732	15.5731695	14.600607	13.6280445	12.655482	11.6829195	10.710357	9.7377945	8.765232
17.5538055	16.581243	15.6086805	14.636118	13.6635555	12.690993	11.7184305	10.745868	9.7733055	8.800743
17.58642375	16.61386125	15.64129875	14.66873625	13.69617375	12.72361125	11.75104875	10.77848625	9.80592375	8.83336125
17.616249	16.6436865	15.671124	14.6985615	13.725999	12.7534365	11.780874	10.8083115	9.835749	8.8631865
17.64308175	16.67051925	15.69795675	14.72539425	13.75283175	12.78026925	11.80770675	10.83514425	9.86258175	8.89001925
17.66722125	16.69465875	15.72209625	14.74953375	13.77697125	12.80440875	11.83184625	10.85928375	9.88672125	8.91415875
17.68836825	16.71580575	15.74324325	14.77068075	13.79811825	12.82555575	11.85299325	10.88043075	9.90786825	8.93530575
17.7066225	16.73406	15.7614975	14.788935	13.8163725	12.84381	11.8712475	10.898685	9.9261225	8.95356
17.721984	16.7494215	15.776859	14.8042965	13.831734	12.8591715	11.886609	10.9140465	9.941484	8.9689215
17.7345525	16.76199	15.7894275	14.816865	13.8443025	12.87174	11.8991775	10.926615	9.9540525	8.98149
17.7441285	16.771566	15.7990035	14.826441	13.8538785	12.881316	11.9087535	10.936191	9.9636285	8.991066
17.75081175	16.77824925	15.80568675	14.83312425	13.86056175	12.88799925	11.91543675	10.94287425	9.97031175	8.99774925
17.75460225	16.78203975	15.80947725	14.83691475	13.86435225	12.89178975	11.91922725	10.94666475	9.97410225	9.00153975
17.75540025	16.78283775	15.81027525	14.83771275	13.86515025	12.89258775	11.92002525	10.94746275	9.97490025	9.00233775
17.75340525	16.78084275	15.80828025	14.83571775	13.86315525	12.89059275	11.91803025	10.94546775	9.97290525	9.00034275
17.74841775	16.77585525	15.80329275	14.83073025	13.85816775	12.88560525	11.91304275	10.94048025	9.96791775	8.99535525
17.74063725	16.76807475	15.79551225	14.82294975	13.85038725	12.87782475	11.90526225	10.93269975	9.96013725	8.98757475
17.72986425	16.75730175	15.78473925	14.81217675	13.83961425	12.86705175	11.89448925	10.92192675	9.94936425	8.97680175
17.7161985	16.743636	15.7710735	14.798511	13.8259485	12.853386	11.8808235	10.908261	9.9356985	8.963136
17.69964	16.7270775	15.754515	14.7819525	13.80939	12.8368275	11.864265	10.8917025	9.91914	8.9465775
17.68018875	16.70762625	15.73506375	14.76250125	13.78993875	12.81737625	11.84481375	10.87225125	9.89968875	8.92712625
17.65784475	16.68528225	15.71271975	14.74015725	13.76759475	12.79503225	11.82246975	10.84990725	9.87734475	8.90478225
17.63270775	16.66014525	15.68758275	14.71502025	13.74245775	12.76989525	11.79733275	10.82477025	9.85220775	8.87964525
17.60457825	16.63201575	15.65945325	14.68689075	13.71432825	12.74176575	11.76920325	10.79664075	9.82407825	8.85151575
17.57365575	16.60109325	15.62853075	14.65596825	13.68340575	12.71084325	11.73828075	10.76571825	9.79315575	8.82059325
17.5398405	16.567278	15.5947155	14.622153	13.6495905	12.677028	11.7044655	10.731903	9.7593405	8.786778
17.50323225	16.53066975	15.55810725	14.58554475	13.61298225	12.64041975	11.66785725	10.69529475	9.72273225	8.75016975
17.463831	16.4912685	15.518706	14.5461435	13.573581	12.6010185	11.628456	10.6558935	9.683331	8.7107685
17.421537	16.4489745	15.476412	14.5038495	13.531287	12.5587245	11.586162	10.6135995	9.641037	8.6684745
17.37645	16.4038875	15.431325	14.4587625	13.4862	12.5136375	11.541075	10.5685125	9.59595	8.6233875
17.32866975	16.35610725	15.38354475	14.41098225	13.43841975	12.46585725	11.49329475	10.52073225	9.54816975	8.57560725
17.27799675	16.30543425	15.33287175	14.36030925	13.38774675	12.41518425	11.44262175	10.47005925	9.49749675	8.52493425
17.2246305	16.252068	15.2795055	14.306943	13.3343805	12.361818	11.3892555	10.416693	9.4441305	8.471568
17.168571	16.1960085	15.223446	14.2508835	13.278321	12.3057585	11.333196	10.3606335	9.388071	8.4155085
17.1097185	16.137156	15.1645935	14.192031	13.2194685	12.246906	11.2743435	10.301781	9.3292185	8.356656
17.04817275	16.07561025	15.10304775	14.13048525	13.15792275	12.18536025	11.21279775	10.24023525	9.26767275	8.29511025
16.98393375	16.01137125	15.03880875	14.06624625	13.09368375	12.12112125	11.14855875	10.17599625	9.20343375	8.23087125
16.91710125	15.94453875	14.97197625	13.99941375	13.02685125	12.05428875	11.08172625	10.10916375	9.13660125	8.16403875
16.8475755	15.875013	14.9024505	13.929888	12.9573255	11.984763	11.0122005	10.039638	9.0670755	8.094513
16.77545625	15.80289375	14.83033125	13.85776875	12.88520625	11.91264375	10.94008125	9.96751875	8.99495625	8.02239375
16.7007435	15.728181	14.7556185	13.783056	12.8104935	11.837931	10.8653685	9.892806	8.9202435	7.947681
16.623537	15.6509745	14.678412	13.7058495	12.733287	11.7607245	10.788162	9.8155995	8.843037	7.8704745
16.543737	15.5711745	14.598612	13.6260495	12.653487	11.6809245	10.708362	9.7357995	8.763237	7.7906745
16.4613435	15.488781	14.5162185	13.543656	12.5710935	11.598531	10.6259685	9.653406	8.6808435	7.708281
16.376556	15.4039935	14.431431	13.4588685	12.486306	11.5137435	10.541181	9.5686185	8.596056	7.6234935
16.28927475	15.31671225	14.34414975	13.37158725	12.39902475	11.42646225	10.45389975	9.48133725	8.50877475	7.53621225
16.19949975	15.22693725	14.25437475	13.28181225	12.30924975	11.33668725	10.36412475	9.39156225	8.41899975	7.44643725
16.1074305	15.134868	14.1623055	13.189743	12.2171805	11.244618	10.2720555	9.299493	8.3269305	7.354368
16.01296725	15.04040475	14.06784225	13.09527975	12.12271725	11.15015475	10.17759225	9.20502975	8.23246725	7.25990475
15.91611	14.9435475	13.970985	12.9984225	12.02586	11.0532975	10.080735	9.1081725	8.13561	7.1630475
15.8169585	14.844396	13.8718335	12.899271	11.9267085	10.954146	9.9815835	9.009021	8.0364585	7.063896
15.71551275	14.74295025	13.77038775	12.79782525	11.82526275	10.85270025	9.88013775	8.90757525	7.93501275	6.96245025
15.61177275	14.63921025	13.66664775	12.69408525	11.72152275	10.74896025	9.77639775	8.80383525	7.83127275	6.85871025
15.505938	14.5333755	13.560813	12.5882505	11.615688	10.6431255	9.670563	8.6980005	7.725438	6.7528755
15.397809	14.4252465	13.452684	12.4801215	11.507559	10.5349965	9.562434	8.5898715	7.617309	6.6447465
15.28758525	14.31502275	13.34246025	12.36989775	11.39733525	10.42477275	9.45221025	8.47964775	7.50708525	6.53452275
15.17526675	14.20270425	13.23014175	12.25757925	11.28501675	10.31245425	9.33989175	8.36732925	7.39476675	6.42220425
15.0608535	14.088291	13.1157285	12.143166	11.1706035	10.198041	9.2254785	8.252916	7.2803535	6.307791
14.94444525	13.97188275	12.99932025	12.02675775	11.05419525	10.08163275	9.10907025	8.13650775	7.16394525	6.19138275
14.826042	13.8534795	12.880917	11.9083545	10.935792	9.9632295	8.990667	8.0181045	7.045542	6.0729795
14.70564375	13.73308125	12.76051875	11.78795625	10.81539375	9.84283125	8.87026875	7.89770625	6.92514375	5.95258125
14.58335025	13.61078775	12.63822525	11.66566275	10.69310025	9.72053775	8.74797525	7.77541275	6.80285025	5.83028775
14.45906175	13.48649925	12.51393675	11.54137425	10.56881175	9.59624925	8.62368675	7.65112425	6.67856175	5.70599925
14.3330775	13.360515	12.3879525	11.41539	10.4428275	9.470265	8.4977025	7.52514	6.5525775	5.580015
14.205198	13.2326355	12.260073	11.2875105	10.314948	9.3423855	8.369823	7.3972605	6.424698	5.4521355
14.07562275	13.10306025	12.13049775	11.15793525	10.18537275	9.21281025	8.24024775	7.26768525	6.29512275	5.32256025
13.94435175	12.97178925	11.99922675	11.02666425	10.05410175	9.08153925	8.10897675	7.13641425	6.16385175	5.19128925
